chr	end
1	1	1311584
2	1	1988508
3	1	2529293
4	1	3144678
5	1	3664503
6	1	4369116
7	1	4893186
8	1	5434547
9	1	5964110
10	1	6523265
11	1	7082402
12	1	7616467
13	1	8179701
14	1	8750759
15	1	9336762
16	1	9924954
17	1	10539461
18	1	11088815
19	1	11659398
20	1	12236298
21	1	12790486
22	1	14208871
23	1	14754110
24	1	15289749
25	1	15848620
26	1	16446714
27	1	17307125
28	1	17878680
29	1	18403245
30	1	18925640
31	1	19452724
32	1	20014359
33	1	20575804
34	1	21126184
35	1	21698064
36	1	22303596
37	1	22867590
38	1	23407094
39	1	23983067
40	1	24666387
41	1	25238653
42	1	25879931
43	1	26437154
44	1	27036861
45	1	27644604
46	1	28228163
47	1	28838239
48	1	29459303
49	1	30152496
50	1	30680350
51	1	31224889
52	1	31802308
53	1	32351708
54	1	32956662
55	1	33562070
56	1	34100961
57	1	34637157
58	1	35170931
59	1	35750993
60	1	36319516
61	1	36900818
62	1	37428485
63	1	37965421
64	1	38542604
65	1	39073178
66	1	39663210
67	1	40254118
68	1	40844200
69	1	41406493
70	1	41955921
71	1	42484024
72	1	43039816
73	1	43613613
74	1	44162975
75	1	44711039
76	1	45259305
77	1	45867098
78	1	46467709
79	1	47042550
80	1	47721010
81	1	48263105
82	1	48815705
83	1	49352965
84	1	49908902
85	1	50497242
86	1	51031169
87	1	51609342
88	1	52183223
89	1	52759680
90	1	53346074
91	1	53889482
92	1	54430856
93	1	54990804
94	1	55556185
95	1	56100409
96	1	56634486
97	1	57176704
98	1	57695026
99	1	58226514
100	1	58765632
101	1	59308504
102	1	59848435
103	1	60402266
104	1	60940681
105	1	61489303
106	1	62016033
107	1	62587363
108	1	63158348
109	1	63709196
110	1	64261621
111	1	64797016
112	1	65336828
113	1	65886461
114	1	66458675
115	1	67007788
116	1	67543866
117	1	68118328
118	1	68652604
119	1	69198180
120	1	69761139
121	1	70298667
122	1	70857892
123	1	71414459
124	1	71952599
125	1	72482897
126	1	73010724
127	1	73550549
128	1	74084658
129	1	74618032
130	1	75149814
131	1	75707449
132	1	76283952
133	1	76828345
134	1	77358985
135	1	77911607
136	1	78474042
137	1	79038727
138	1	79574660
139	1	80118870
140	1	80668353
141	1	81209242
142	1	81743486
143	1	82275838
144	1	82810893
145	1	83333763
146	1	84093613
147	1	84625357
148	1	85163643
149	1	85701220
150	1	86253418
151	1	86825989
152	1	87399574
153	1	87932798
154	1	88459943
155	1	88984401
156	1	89551506
157	1	90127339
158	1	90686520
159	1	91222128
160	1	91805588
161	1	92362972
162	1	92950447
163	1	93535502
164	1	94097510
165	1	94655868
166	1	95207249
167	1	95764038
168	1	96291927
169	1	96833745
170	1	97396062
171	1	97931841
172	1	98450950
173	1	98975392
174	1	99520318
175	1	100075108
176	1	100623332
177	1	101186742
178	1	101730376
179	1	102267823
180	1	102797436
181	1	103357057
182	1	104114997
183	1	104814987
184	1	105370289
185	1	105924571
186	1	106462037
187	1	107006985
188	1	107538366
189	1	108059096
190	1	108594913
191	1	109364959
192	1	109936333
193	1	110508854
194	1	111035660
195	1	111570122
196	1	112127180
197	1	112648925
198	1	113220802
199	1	113825191
200	1	114402025
201	1	114952770
202	1	115516909
203	1	116049576
204	1	116602357
205	1	117128059
206	1	117708896
207	1	118258220
208	1	118799867
209	1	119372896
210	1	119932172
211	1	120500810
212	1	144922932
213	1	145771584
214	1	147063376
215	1	149110381
216	1	150224132
217	1	150838717
218	1	151442657
219	1	152006354
220	1	152585762
221	1	153144253
222	1	153721256
223	1	154333037
224	1	154893493
225	1	155484434
226	1	156128871
227	1	156698994
228	1	157245705
229	1	157808225
230	1	158383111
231	1	158929835
232	1	159486079
233	1	160040254
234	1	160593333
235	1	161180561
236	1	161898100
237	1	162434716
238	1	163001923
239	1	163533958
240	1	164077562
241	1	164635934
242	1	165168385
243	1	165693626
244	1	166269428
245	1	166840676
246	1	167369833
247	1	167920894
248	1	168470978
249	1	169021130
250	1	169573901
251	1	170134639
252	1	170686607
253	1	171236786
254	1	171813037
255	1	172365466
256	1	172904441
257	1	173476419
258	1	174071246
259	1	174673461
260	1	175236220
261	1	175756542
262	1	176318592
263	1	176851545
264	1	177376481
265	1	177923850
266	1	178475797
267	1	179042816
268	1	179635361
269	1	180186313
270	1	180745307
271	1	181307162
272	1	181825873
273	1	182385372
274	1	182929695
275	1	183477887
276	1	184021090
277	1	184563890
278	1	185114574
279	1	185672951
280	1	186217266
281	1	186771733
282	1	187306354
283	1	187863851
284	1	188388592
285	1	188924834
286	1	189477775
287	1	190007577
288	1	190526136
289	1	191063465
290	1	191597069
291	1	192126376
292	1	192671400
293	1	193209686
294	1	193749109
295	1	194295488
296	1	194831608
297	1	195363758
298	1	195901143
299	1	196436068
300	1	197059186
301	1	197589627
302	1	198141751
303	1	198670535
304	1	199194224
305	1	199737268
306	1	200303053
307	1	200867375
308	1	201400507
309	1	201949533
310	1	202584523
311	1	203140598
312	1	203696988
313	1	204271279
314	1	204806017
315	1	205348127
316	1	205915792
317	1	206941459
318	1	207480087
319	1	208090090
320	1	208603812
321	1	209136854
322	1	209675409
323	1	210209516
324	1	210753871
325	1	211323557
326	1	211903097
327	1	212462719
328	1	213030587
329	1	213593663
330	1	214127585
331	1	214652073
332	1	215199454
333	1	215740043
334	1	216273765
335	1	216801060
336	1	217315246
337	1	217851577
338	1	218390083
339	1	218933669
340	1	219457932
341	1	220007585
342	1	220582350
343	1	221125133
344	1	221665670
345	1	222196518
346	1	222780181
347	1	223333671
348	1	223962622
349	1	224669215
350	1	225218729
351	1	225798513
352	1	226389464
353	1	226936983
354	1	227492636
355	1	228074772
356	1	228616664
357	1	229205320
358	1	229760926
359	1	230291982
360	1	230833226
361	1	231371288
362	1	231929655
363	1	232482890
364	1	233012405
365	1	233545900
366	1	234092162
367	1	234635499
368	1	235250394
369	1	235843116
370	1	236407048
371	1	236972099
372	1	237523729
373	1	238061575
374	1	238606392
375	1	239142946
376	1	239674169
377	1	240212004
378	1	240756725
379	1	241312131
380	1	241849298
381	1	242445853
382	1	243069865
383	1	243804934
384	1	244343777
385	1	244909768
386	1	245483890
387	1	246034915
388	1	246587210
389	1	247172472
390	1	247759502
391	1	248364647
392	2	0
393	2	557486
394	2	1094467
395	2	1664170
396	2	2209305
397	2	2735946
398	2	3272874
399	2	3880296
400	2	4425049
401	2	4959582
402	2	5590420
403	2	6135300
404	2	6662527
405	2	7180839
406	2	7704051
407	2	8227848
408	2	8753003
409	2	9296366
410	2	9850361
411	2	10407491
412	2	10958816
413	2	11510926
414	2	12057328
415	2	12580925
416	2	13118270
417	2	13666229
418	2	14216122
419	2	14759596
420	2	15293722
421	2	15834108
422	2	16429499
423	2	16951063
424	2	17486052
425	2	18022328
426	2	18575989
427	2	19106725
428	2	19688689
429	2	20218467
430	2	20763059
431	2	21321154
432	2	21860775
433	2	22386138
434	2	22914297
435	2	23444646
436	2	23975938
437	2	24557494
438	2	25122569
439	2	25690641
440	2	26276327
441	2	26828038
442	2	27376652
443	2	27955504
444	2	28500494
445	2	29042087
446	2	29581749
447	2	30106496
448	2	30642447
449	2	31190263
450	2	31725608
451	2	32309212
452	2	32898188
453	2	33457180
454	2	34013727
455	2	34562326
456	2	35128713
457	2	35677169
458	2	36226361
459	2	36770812
460	2	37328573
461	2	37875779
462	2	38431248
463	2	39004172
464	2	39564771
465	2	40112880
466	2	40653940
467	2	41183789
468	2	41720796
469	2	42261432
470	2	42823765
471	2	43384529
472	2	43941069
473	2	44504303
474	2	45049053
475	2	45586697
476	2	46112597
477	2	46636309
478	2	47175085
479	2	47742557
480	2	48313939
481	2	48870857
482	2	49416907
483	2	49969688
484	2	50495427
485	2	51011692
486	2	51528687
487	2	52083433
488	2	52621826
489	2	53158712
490	2	53700517
491	2	54261472
492	2	54800948
493	2	55324280
494	2	55900514
495	2	56468243
496	2	57024766
497	2	57582572
498	2	58122661
499	2	58670184
500	2	59190931
501	2	59727794
502	2	60249975
503	2	60799441
504	2	61369910
505	2	61948856
506	2	62525852
507	2	63106978
508	2	63665828
509	2	64229731
510	2	64771275
511	2	65315870
512	2	65886085
513	2	66433479
514	2	66991085
515	2	67518759
516	2	68065638
517	2	68609189
518	2	69162137
519	2	69701824
520	2	70255230
521	2	70833312
522	2	71415913
523	2	71960839
524	2	72495561
525	2	73051740
526	2	73595413
527	2	74212942
528	2	74764705
529	2	75314626
530	2	75852666
531	2	76403722
532	2	76958461
533	2	77512416
534	2	78069545
535	2	78605926
536	2	79147266
537	2	79698582
538	2	80223464
539	2	80749829
540	2	81286173
541	2	81817581
542	2	82359005
543	2	82888020
544	2	83426130
545	2	83958519
546	2	84514348
547	2	85066738
548	2	85640906
549	2	86206894
550	2	86748482
551	2	88405385
552	2	88962443
553	2	90247662
554	2	95773773
555	2	96687147
556	2	97300427
557	2	98323066
558	2	98871022
559	2	99408975
560	2	99997035
561	2	100541100
562	2	101099979
563	2	101647036
564	2	102222637
565	2	102761242
566	2	103295046
567	2	103831264
568	2	104365516
569	2	104882649
570	2	105411923
571	2	105954862
572	2	106485474
573	2	107171044
574	2	107700489
575	2	108232721
576	2	108854961
577	2	109500345
578	2	110039323
579	2	111486466
580	2	112034430
581	2	112979949
582	2	113642717
583	2	114421244
584	2	114981733
585	2	115521281
586	2	116058398
587	2	116599094
588	2	117158651
589	2	117698021
590	2	118249269
591	2	118832402
592	2	119368054
593	2	119909545
594	2	120446505
595	2	121008321
596	2	121529547
597	2	122055359
598	2	122619502
599	2	123173653
600	2	123700917
601	2	124234974
602	2	124775945
603	2	125318556
604	2	125851486
605	2	126389253
606	2	126931958
607	2	127476166
608	2	128012474
609	2	128559916
610	2	129137567
611	2	129685075
612	2	130234094
613	2	130923447
614	2	131829809
615	2	132906952
616	2	133530934
617	2	134055876
618	2	134598024
619	2	135142146
620	2	135698021
621	2	136296498
622	2	136852209
623	2	137390007
624	2	137933757
625	2	138492019
626	2	139027714
627	2	139567407
628	2	140098259
629	2	140633490
630	2	141161280
631	2	141686579
632	2	142219521
633	2	142740070
634	2	143262700
635	2	143815872
636	2	144335938
637	2	144868978
638	2	145387951
639	2	145916885
640	2	146438602
641	2	146965884
642	2	147501210
643	2	148043071
644	2	148580918
645	2	149136394
646	2	149687734
647	2	150319066
648	2	150894466
649	2	151429236
650	2	151960651
651	2	152541711
652	2	153104748
653	2	153638919
654	2	154194710
655	2	154752397
656	2	155286265
657	2	155820370
658	2	156361422
659	2	156893151
660	2	157443991
661	2	157991786
662	2	158549674
663	2	159097052
664	2	159654380
665	2	160228050
666	2	160778945
667	2	161324561
668	2	161890552
669	2	162446016
670	2	162980198
671	2	163502274
672	2	164033508
673	2	164557852
674	2	165082635
675	2	165620007
676	2	166154417
677	2	166694548
678	2	167225122
679	2	167778413
680	2	168336085
681	2	168887186
682	2	169425337
683	2	169961441
684	2	170536398
685	2	171097003
686	2	171651797
687	2	172204658
688	2	172783069
689	2	173344398
690	2	173888055
691	2	174437491
692	2	174971567
693	2	175531709
694	2	176071602
695	2	176644314
696	2	177187749
697	2	177711294
698	2	178250978
699	2	178790873
700	2	179349238
701	2	179887854
702	2	180454515
703	2	180982958
704	2	181521813
705	2	182059240
706	2	182585452
707	2	183132885
708	2	183689203
709	2	184244153
710	2	184815776
711	2	185354530
712	2	185880090
713	2	186418990
714	2	186970829
715	2	187524204
716	2	188066170
717	2	188611253
718	2	189156036
719	2	189684624
720	2	190226188
721	2	190772021
722	2	191328641
723	2	191875722
724	2	192412176
725	2	192941676
726	2	193482960
727	2	194022458
728	2	194565333
729	2	195110946
730	2	195654824
731	2	196223903
732	2	196775699
733	2	197324030
734	2	197885686
735	2	198461190
736	2	199031511
737	2	199569116
738	2	200110921
739	2	200650469
740	2	201186863
741	2	201732864
742	2	202330836
743	2	202887989
744	2	203490190
745	2	204073627
746	2	204654443
747	2	205181827
748	2	205716641
749	2	206250057
750	2	206774580
751	2	207352266
752	2	207914539
753	2	208443749
754	2	209018091
755	2	209576109
756	2	210186846
757	2	210722512
758	2	211276369
759	2	211812534
760	2	212348790
761	2	212887337
762	2	213410823
763	2	213950687
764	2	214497823
765	2	215037145
766	2	215577686
767	2	216143716
768	2	216679048
769	2	217235158
770	2	217771236
771	2	218299273
772	2	218816172
773	2	219399203
774	2	219958939
775	2	220503937
776	2	221039428
777	2	221570211
778	2	222100247
779	2	222625521
780	2	223164482
781	2	223713782
782	2	224269756
783	2	224825147
784	2	225367838
785	2	225916234
786	2	226452940
787	2	226987071
788	2	227517451
789	2	228057004
790	2	228617990
791	2	229184040
792	2	229743368
793	2	230273653
794	2	230812966
795	2	231396330
796	2	231959618
797	2	232542128
798	2	233130274
799	2	233701739
800	2	234308569
801	2	234874919
802	2	235419826
803	2	235972826
804	2	236511745
805	2	237042764
806	2	237583183
807	2	238104699
808	2	238638499
809	2	239189023
810	2	239727753
811	2	240280931
812	2	240831972
813	2	241359026
814	2	241912408
815	2	242467447
816	3	0
817	3	597031
818	3	1171863
819	3	1711382
820	3	2256204
821	3	2798190
822	3	3329335
823	3	3863086
824	3	4456553
825	3	4988489
826	3	5549278
827	3	6105574
828	3	6665320
829	3	7202083
830	3	7724174
831	3	8268585
832	3	8816092
833	3	9346240
834	3	9922881
835	3	10507872
836	3	11028049
837	3	11587143
838	3	12158112
839	3	12702715
840	3	13251645
841	3	13793372
842	3	14356256
843	3	14882172
844	3	15457091
845	3	16013801
846	3	16547808
847	3	17097469
848	3	17630798
849	3	18186041
850	3	18710021
851	3	19263178
852	3	19830688
853	3	20406173
854	3	20953740
855	3	21511386
856	3	22048471
857	3	22597397
858	3	23167574
859	3	23714660
860	3	24281273
861	3	24808414
862	3	25331756
863	3	25867611
864	3	26424585
865	3	27004534
866	3	27557190
867	3	28122714
868	3	28674162
869	3	29211411
870	3	29739812
871	3	30284029
872	3	30816640
873	3	31336145
874	3	31863418
875	3	32429377
876	3	33016278
877	3	33590407
878	3	34156287
879	3	34706232
880	3	35252541
881	3	35788380
882	3	36338569
883	3	36883845
884	3	37444358
885	3	37987142
886	3	38550841
887	3	39089139
888	3	39648675
889	3	40230987
890	3	40784498
891	3	41319304
892	3	41908442
893	3	42474842
894	3	43023557
895	3	43563459
896	3	44125303
897	3	44679418
898	3	45239213
899	3	45784738
900	3	46330016
901	3	46892447
902	3	47457355
903	3	48054273
904	3	48643767
905	3	49259004
906	3	49870603
907	3	50443895
908	3	51007558
909	3	51628742
910	3	52189991
911	3	52739465
912	3	53291878
913	3	53846526
914	3	54386920
915	3	54935199
916	3	55480451
917	3	56003267
918	3	56530574
919	3	57108125
920	3	57698370
921	3	58270718
922	3	58851441
923	3	59414823
924	3	59941675
925	3	60461874
926	3	61003857
927	3	61570627
928	3	62101000
929	3	62620929
930	3	63156193
931	3	63704191
932	3	64236688
933	3	64759471
934	3	65302270
935	3	65836255
936	3	66482763
937	3	67032121
938	3	67586608
939	3	68123284
940	3	68661922
941	3	69210922
942	3	69769323
943	3	70294145
944	3	70838690
945	3	71373986
946	3	71905163
947	3	72432523
948	3	72982321
949	3	73544171
950	3	74073549
951	3	74609093
952	3	75165332
953	3	76091770
954	3	76626661
955	3	77151240
956	3	77677438
957	3	78216124
958	3	78756926
959	3	79298542
960	3	79827190
961	3	80356875
962	3	80896984
963	3	81438380
964	3	81976920
965	3	82524737
966	3	83060440
967	3	83591844
968	3	84124734
969	3	84664454
970	3	85210055
971	3	85735392
972	3	86282676
973	3	86819774
974	3	87352703
975	3	87904939
976	3	88453727
977	3	89013646
978	3	89552038
979	3	90112781
980	3	93801969
981	3	94335275
982	3	94895563
983	3	95436481
984	3	95982674
985	3	96535103
986	3	97076914
987	3	97614674
988	3	98174933
989	3	98738078
990	3	99296789
991	3	99834919
992	3	100408232
993	3	100945711
994	3	101546727
995	3	102101578
996	3	102631417
997	3	103176923
998	3	103712348
999	3	104255773
1000	3	104780181
1001	3	105315199
1002	3	105850264
1003	3	106393235
1004	3	106948051
1005	3	107486601
1006	3	108019593
1007	3	108562604
1008	3	109136961
1009	3	109722503
1010	3	110261924
1011	3	110813987
1012	3	111358161
1013	3	111901897
1014	3	112470843
1015	3	113015163
1016	3	113581800
1017	3	114126013
1018	3	114647514
1019	3	115185384
1020	3	115720390
1021	3	116267802
1022	3	116799542
1023	3	117323573
1024	3	117845490
1025	3	118387381
1026	3	118956684
1027	3	119502279
1028	3	120061613
1029	3	120627832
1030	3	121245695
1031	3	121814742
1032	3	122375494
1033	3	122912899
1034	3	123447146
1035	3	123993169
1036	3	124532722
1037	3	125071820
1038	3	125796326
1039	3	126334706
1040	3	126866218
1041	3	127393694
1042	3	127928226
1043	3	128469991
1044	3	129063936
1045	3	129626601
1046	3	130294798
1047	3	130849568
1048	3	131406292
1049	3	131954825
1050	3	132529632
1051	3	133090494
1052	3	133653145
1053	3	134194720
1054	3	134720965
1055	3	135270181
1056	3	135831937
1057	3	136433055
1058	3	137013907
1059	3	137601557
1060	3	138160297
1061	3	138754665
1062	3	139306300
1063	3	139841325
1064	3	140368639
1065	3	140934208
1066	3	141485775
1067	3	142074600
1068	3	142633005
1069	3	143166554
1070	3	143707531
1071	3	144236209
1072	3	144771132
1073	3	145311914
1074	3	145857325
1075	3	146405249
1076	3	146951899
1077	3	147485804
1078	3	148011782
1079	3	148574386
1080	3	149114008
1081	3	149660788
1082	3	150190098
1083	3	150747277
1084	3	151296221
1085	3	151842963
1086	3	152383843
1087	3	152943733
1088	3	153513462
1089	3	154073677
1090	3	154635078
1091	3	155186836
1092	3	155777640
1093	3	156317054
1094	3	156855246
1095	3	157393095
1096	3	157966984
1097	3	158530082
1098	3	159076012
1099	3	159640977
1100	3	160196226
1101	3	160745220
1102	3	161287524
1103	3	161825599
1104	3	162376166
1105	3	162916148
1106	3	163470182
1107	3	164020604
1108	3	164560793
1109	3	165092728
1110	3	165643086
1111	3	166187842
1112	3	166738363
1113	3	167291957
1114	3	167821791
1115	3	168347497
1116	3	168881384
1117	3	169414943
1118	3	169983590
1119	3	170559996
1120	3	171106903
1121	3	171656391
1122	3	172194032
1123	3	172749756
1124	3	173293245
1125	3	173810225
1126	3	174347816
1127	3	174890359
1128	3	175421988
1129	3	175974171
1130	3	176517938
1131	3	177095082
1132	3	177650470
1133	3	178177894
1134	3	178731729
1135	3	179315728
1136	3	179860303
1137	3	180419678
1138	3	180979779
1139	3	181525012
1140	3	182072881
1141	3	182614659
1142	3	183190751
1143	3	183773025
1144	3	184342412
1145	3	184895085
1146	3	185486516
1147	3	186046798
1148	3	186614799
1149	3	187175712
1150	3	187717187
1151	3	188253621
1152	3	188796857
1153	3	189331102
1154	3	189858126
1155	3	190393002
1156	3	190937504
1157	3	191480235
1158	3	192020862
1159	3	192553633
1160	3	193110489
1161	3	193649180
1162	3	194187107
1163	3	194741732
1164	3	195334395
1165	3	196056381
1166	3	196668268
1167	3	197224723
1168	4	0
1169	4	633652
1170	4	1194127
1171	4	1798861
1172	4	2360098
1173	4	2941322
1174	4	3492274
1175	4	4218706
1176	4	4763648
1177	4	5319500
1178	4	5885517
1179	4	6412251
1180	4	6961189
1181	4	7498281
1182	4	8027503
1183	4	8566143
1184	4	9516535
1185	4	10175597
1186	4	10708938
1187	4	11269671
1188	4	11823951
1189	4	12366871
1190	4	12917542
1191	4	13455223
1192	4	13991289
1193	4	14538216
1194	4	15080120
1195	4	15622840
1196	4	16170271
1197	4	16715530
1198	4	17256838
1199	4	17816832
1200	4	18363911
1201	4	18903883
1202	4	19446114
1203	4	19990141
1204	4	20514785
1205	4	21060738
1206	4	21607935
1207	4	22156617
1208	4	22710611
1209	4	23242587
1210	4	23781397
1211	4	24298960
1212	4	24843707
1213	4	25392297
1214	4	25953374
1215	4	26501365
1216	4	27063045
1217	4	27607842
1218	4	28135512
1219	4	28666947
1220	4	29191173
1221	4	29723710
1222	4	30261388
1223	4	30784081
1224	4	31310810
1225	4	31853203
1226	4	32382418
1227	4	32918040
1228	4	33444257
1229	4	33983389
1230	4	34519876
1231	4	35047654
1232	4	35579349
1233	4	36112199
1234	4	36645760
1235	4	37195102
1236	4	37750371
1237	4	38298997
1238	4	38860757
1239	4	39427834
1240	4	40043007
1241	4	40626731
1242	4	41193152
1243	4	41737589
1244	4	42295975
1245	4	42842658
1246	4	43380944
1247	4	43938872
1248	4	44473886
1249	4	45017994
1250	4	45559303
1251	4	46108818
1252	4	46651804
1253	4	47190669
1254	4	47731104
1255	4	48290423
1256	4	48853752
1257	4	52919428
1258	4	53520919
1259	4	54094481
1260	4	54678470
1261	4	55256204
1262	4	55803061
1263	4	56364844
1264	4	56927069
1265	4	57498180
1266	4	58079099
1267	4	58654610
1268	4	59213563
1269	4	59814013
1270	4	60363793
1271	4	60917914
1272	4	61456656
1273	4	62016630
1274	4	62545135
1275	4	63098833
1276	4	63652127
1277	4	64213067
1278	4	64751693
1279	4	65289874
1280	4	65839857
1281	4	66386927
1282	4	66929346
1283	4	67478680
1284	4	68026818
1285	4	68594094
1286	4	69153329
1287	4	69765353
1288	4	70431504
1289	4	70989135
1290	4	71554140
1291	4	72151487
1292	4	72705386
1293	4	73261136
1294	4	73850637
1295	4	74397608
1296	4	74942594
1297	4	75584109
1298	4	76151410
1299	4	76753299
1300	4	77314744
1301	4	77864738
1302	4	78412641
1303	4	78980287
1304	4	79546649
1305	4	80089384
1306	4	80634343
1307	4	81173809
1308	4	81718600
1309	4	82272071
1310	4	82814765
1311	4	83403417
1312	4	83965074
1313	4	84546298
1314	4	85087669
1315	4	85634033
1316	4	86191838
1317	4	86737646
1318	4	87302427
1319	4	87875494
1320	4	88441217
1321	4	89009400
1322	4	89580254
1323	4	90137174
1324	4	90673097
1325	4	91215318
1326	4	91771051
1327	4	92331843
1328	4	92894053
1329	4	93450077
1330	4	93985291
1331	4	94518002
1332	4	95093477
1333	4	95646777
1334	4	96196043
1335	4	96735004
1336	4	97262320
1337	4	97805757
1338	4	98358029
1339	4	98945422
1340	4	99506107
1341	4	100075817
1342	4	100648846
1343	4	101207677
1344	4	101740335
1345	4	102274622
1346	4	102839099
1347	4	103398417
1348	4	103990354
1349	4	104573944
1350	4	105140501
1351	4	105684230
1352	4	106248894
1353	4	106800912
1354	4	107358258
1355	4	107931466
1356	4	108477567
1357	4	109021675
1358	4	109565887
1359	4	110114938
1360	4	110673867
1361	4	111252914
1362	4	111819634
1363	4	112382944
1364	4	112926524
1365	4	113488070
1366	4	114053407
1367	4	114589320
1368	4	115135798
1369	4	115673376
1370	4	116203044
1371	4	116742869
1372	4	117283915
1373	4	117823421
1374	4	118356353
1375	4	118911032
1376	4	119625533
1377	4	120178589
1378	4	120806645
1379	4	121356189
1380	4	121911503
1381	4	122453645
1382	4	122998922
1383	4	123559064
1384	4	124118067
1385	4	124683617
1386	4	125233090
1387	4	125772571
1388	4	126302704
1389	4	126842007
1390	4	127379893
1391	4	127928678
1392	4	128495406
1393	4	129091703
1394	4	129662270
1395	4	130227838
1396	4	130762593
1397	4	131312301
1398	4	131851207
1399	4	132401284
1400	4	133126569
1401	4	133667479
1402	4	134202565
1403	4	134740906
1404	4	135277197
1405	4	135822048
1406	4	136381296
1407	4	136913105
1408	4	137441666
1409	4	137963508
1410	4	138496083
1411	4	139035842
1412	4	139580371
1413	4	140153384
1414	4	140719887
1415	4	141254088
1416	4	141808749
1417	4	142367194
1418	4	142923287
1419	4	143461440
1420	4	144010951
1421	4	144569947
1422	4	145307567
1423	4	145871590
1424	4	146453426
1425	4	147013192
1426	4	147558570
1427	4	148102379
1428	4	148665667
1429	4	149210544
1430	4	149760509
1431	4	150308410
1432	4	150860708
1433	4	151396821
1434	4	151951119
1435	4	152530252
1436	4	153057058
1437	4	153584791
1438	4	154135293
1439	4	154682757
1440	4	155234739
1441	4	155759172
1442	4	156300760
1443	4	156836404
1444	4	157379293
1445	4	157904198
1446	4	158441576
1447	4	158987064
1448	4	159558567
1449	4	160124674
1450	4	160681832
1451	4	161245069
1452	4	161799385
1453	4	162333885
1454	4	162871293
1455	4	163400708
1456	4	163942885
1457	4	164491145
1458	4	165040832
1459	4	165623430
1460	4	166248907
1461	4	166782644
1462	4	167324941
1463	4	167888451
1464	4	168439460
1465	4	168985881
1466	4	169529162
1467	4	170078416
1468	4	170647114
1469	4	171219734
1470	4	171788428
1471	4	172319094
1472	4	172850113
1473	4	173389671
1474	4	173922399
1475	4	174461588
1476	4	175016139
1477	4	175551161
1478	4	176089033
1479	4	176632362
1480	4	177164311
1481	4	177701839
1482	4	178239713
1483	4	178787012
1484	4	179327225
1485	4	179863327
1486	4	180398822
1487	4	180941489
1488	4	181470621
1489	4	182001649
1490	4	182534292
1491	4	183074278
1492	4	183608930
1493	4	184169439
1494	4	184734572
1495	4	185277514
1496	4	185835110
1497	4	186395572
1498	4	186928447
1499	4	187505698
1500	4	188058634
1501	4	188593995
1502	4	189178026
1503	4	189744481
1504	4	190299638
1505	5	0
1506	5	619266
1507	5	1261468
1508	5	1840601
1509	5	2372489
1510	5	2890910
1511	5	3415017
1512	5	3946207
1513	5	4467051
1514	5	5011056
1515	5	5544242
1516	5	6063239
1517	5	6589172
1518	5	7133478
1519	5	7699994
1520	5	8238039
1521	5	8777982
1522	5	9312786
1523	5	9840931
1524	5	10401723
1525	5	10943064
1526	5	11468655
1527	5	11993762
1528	5	12533807
1529	5	13063183
1530	5	13596385
1531	5	14142425
1532	5	14672281
1533	5	15213996
1534	5	15760961
1535	5	16295391
1536	5	16866022
1537	5	17444598
1538	5	18088334
1539	5	18633928
1540	5	19176818
1541	5	19711783
1542	5	20245736
1543	5	20936929
1544	5	21620415
1545	5	22257801
1546	5	22790598
1547	5	23324076
1548	5	23859415
1549	5	24406714
1550	5	24937315
1551	5	25496574
1552	5	26031707
1553	5	26573878
1554	5	27098899
1555	5	27630611
1556	5	28170433
1557	5	28710728
1558	5	29262152
1559	5	29813541
1560	5	30341687
1561	5	30893410
1562	5	31424045
1563	5	31991068
1564	5	32574010
1565	5	33147154
1566	5	33698477
1567	5	34482556
1568	5	35040924
1569	5	35603428
1570	5	36142706
1571	5	36692426
1572	5	37245790
1573	5	37863440
1574	5	38395378
1575	5	38932232
1576	5	39476391
1577	5	40021172
1578	5	40577296
1579	5	41151674
1580	5	41701680
1581	5	42247368
1582	5	42808357
1583	5	43416686
1584	5	44009885
1585	5	44557958
1586	5	45113241
1587	5	45680719
1588	5	46273347
1589	5	50020330
1590	5	50546587
1591	5	51102959
1592	5	51655927
1593	5	52197996
1594	5	52749274
1595	5	53327396
1596	5	53877920
1597	5	54432758
1598	5	54994231
1599	5	55571515
1600	5	56109518
1601	5	56673406
1602	5	57207976
1603	5	57769230
1604	5	58326110
1605	5	58856023
1606	5	59394870
1607	5	59951485
1608	5	60523746
1609	5	61056594
1610	5	61619794
1611	5	62211738
1612	5	62752837
1613	5	63307205
1614	5	63879344
1615	5	64417074
1616	5	64976631
1617	5	65541517
1618	5	66090493
1619	5	66614153
1620	5	67185298
1621	5	67731470
1622	5	68270568
1623	5	70662001
1624	5	71281379
1625	5	71804067
1626	5	72366386
1627	5	72899819
1628	5	73427774
1629	5	73955081
1630	5	74532401
1631	5	75121980
1632	5	75695860
1633	5	76262358
1634	5	76815482
1635	5	77357316
1636	5	77921900
1637	5	78505560
1638	5	79071743
1639	5	79642198
1640	5	80220630
1641	5	80780646
1642	5	81341241
1643	5	81899347
1644	5	82451118
1645	5	82986387
1646	5	83528995
1647	5	84061231
1648	5	84589593
1649	5	85141894
1650	5	85698737
1651	5	86248172
1652	5	86812045
1653	5	87362272
1654	5	87902852
1655	5	88443296
1656	5	88981356
1657	5	89535373
1658	5	90079076
1659	5	90637446
1660	5	91181538
1661	5	91776085
1662	5	92301424
1663	5	92853348
1664	5	93403878
1665	5	93952441
1666	5	94482369
1667	5	95026592
1668	5	95565519
1669	5	96111159
1670	5	96662380
1671	5	97230362
1672	5	97798905
1673	5	98353378
1674	5	98996478
1675	5	99583664
1676	5	100192476
1677	5	100755234
1678	5	101309827
1679	5	101878493
1680	5	102420725
1681	5	102944999
1682	5	103491445
1683	5	104028644
1684	5	104573856
1685	5	105104467
1686	5	105631860
1687	5	106187120
1688	5	106719117
1689	5	107235457
1690	5	107766979
1691	5	108320044
1692	5	108886396
1693	5	109415502
1694	5	109961832
1695	5	110535518
1696	5	111085053
1697	5	111626106
1698	5	112186572
1699	5	112724282
1700	5	113285206
1701	5	113831252
1702	5	114417885
1703	5	114957324
1704	5	115511537
1705	5	116043617
1706	5	116585754
1707	5	117122330
1708	5	117657360
1709	5	118206003
1710	5	118767632
1711	5	119332945
1712	5	119890035
1713	5	120436917
1714	5	120978924
1715	5	121527079
1716	5	122098034
1717	5	122640706
1718	5	123177447
1719	5	123719886
1720	5	124264146
1721	5	124800538
1722	5	125344102
1723	5	125902172
1724	5	126502198
1725	5	127042295
1726	5	127593978
1727	5	128137170
1728	5	128700721
1729	5	129245905
1730	5	129788022
1731	5	130389176
1732	5	130974007
1733	5	131543615
1734	5	132094939
1735	5	132669545
1736	5	133195388
1737	5	133770300
1738	5	134364414
1739	5	134881555
1740	5	135402050
1741	5	135944311
1742	5	136503815
1743	5	137039471
1744	5	137620925
1745	5	138206193
1746	5	138775598
1747	5	139392072
1748	5	139952819
1749	5	140526422
1750	5	141081045
1751	5	141636078
1752	5	142189376
1753	5	142723573
1754	5	143254105
1755	5	143788508
1756	5	144359866
1757	5	144915172
1758	5	145466071
1759	5	146020440
1760	5	146560222
1761	5	147109631
1762	5	147661551
1763	5	148203544
1764	5	148735124
1765	5	149287698
1766	5	149819566
1767	5	150379342
1768	5	150922369
1769	5	151479153
1770	5	152024199
1771	5	152597577
1772	5	153153521
1773	5	153691749
1774	5	154252476
1775	5	154815891
1776	5	155395442
1777	5	155931496
1778	5	156507465
1779	5	157061765
1780	5	157631541
1781	5	158161852
1782	5	158687362
1783	5	159226381
1784	5	159787105
1785	5	160347287
1786	5	160887833
1787	5	161421348
1788	5	161967362
1789	5	162528718
1790	5	163095640
1791	5	163632137
1792	5	164166761
1793	5	164703163
1794	5	165241219
1795	5	165776437
1796	5	166318901
1797	5	166854820
1798	5	167373304
1799	5	167920509
1800	5	168463720
1801	5	168996849
1802	5	169528580
1803	5	170053714
1804	5	170622368
1805	5	171170541
1806	5	171735574
1807	5	172278500
1808	5	172846630
1809	5	173372025
1810	5	173915835
1811	5	174467225
1812	5	175010809
1813	5	175814444
1814	5	176366256
1815	5	176946386
1816	5	177817687
1817	5	178388637
1818	5	178952841
1819	5	179547304
1820	5	180124083
1821	6	0
1822	6	734787
1823	6	1273491
1824	6	1812315
1825	6	2354977
1826	6	2893880
1827	6	3456283
1828	6	3995910
1829	6	4552258
1830	6	5101552
1831	6	5631595
1832	6	6203543
1833	6	6746002
1834	6	7299770
1835	6	7846579
1836	6	8402071
1837	6	8947922
1838	6	9485016
1839	6	10039735
1840	6	10588788
1841	6	11167310
1842	6	11706643
1843	6	12244879
1844	6	12788048
1845	6	13318832
1846	6	13871424
1847	6	14408126
1848	6	14944950
1849	6	15519061
1850	6	16065510
1851	6	16613910
1852	6	17163650
1853	6	17743082
1854	6	18315718
1855	6	18857772
1856	6	19409375
1857	6	19974045
1858	6	20524222
1859	6	21070811
1860	6	21629103
1861	6	22203663
1862	6	22735838
1863	6	23285657
1864	6	23830908
1865	6	24376291
1866	6	24949337
1867	6	25493295
1868	6	26017587
1869	6	26572379
1870	6	27360073
1871	6	27927263
1872	6	28469862
1873	6	29049871
1874	6	29615920
1875	6	30187401
1876	6	30778600
1877	6	31362900
1878	6	32016221
1879	6	32607656
1880	6	33153440
1881	6	33734417
1882	6	34276597
1883	6	34862524
1884	6	35422208
1885	6	36006486
1886	6	36564315
1887	6	37124615
1888	6	37676636
1889	6	38215897
1890	6	38771472
1891	6	39304125
1892	6	39848067
1893	6	40368696
1894	6	40886299
1895	6	41421109
1896	6	41981227
1897	6	42547705
1898	6	43148009
1899	6	43718486
1900	6	44247396
1901	6	44796564
1902	6	45373965
1903	6	45899965
1904	6	46439861
1905	6	46973331
1906	6	47532757
1907	6	48059974
1908	6	48604701
1909	6	49153151
1910	6	49708922
1911	6	50245295
1912	6	50787990
1913	6	51333723
1914	6	51881909
1915	6	52429361
1916	6	53017542
1917	6	53576294
1918	6	54106741
1919	6	54652797
1920	6	55214222
1921	6	55755408
1922	6	56292803
1923	6	56837537
1924	6	57407470
1925	6	58357759
1926	6	62325421
1927	6	62870051
1928	6	63419964
1929	6	63984186
1930	6	64565005
1931	6	65130642
1932	6	65675442
1933	6	66227640
1934	6	66770986
1935	6	67311812
1936	6	67861568
1937	6	68402616
1938	6	68948130
1939	6	69490922
1940	6	70024077
1941	6	70579630
1942	6	71128756
1943	6	71716569
1944	6	72259341
1945	6	72800702
1946	6	73353171
1947	6	73897724
1948	6	74513132
1949	6	75112633
1950	6	75683871
1951	6	76228985
1952	6	76789702
1953	6	77368148
1954	6	77932292
1955	6	78504418
1956	6	79063285
1957	6	79646994
1958	6	80200732
1959	6	80739059
1960	6	81305109
1961	6	81881766
1962	6	82449213
1963	6	83009867
1964	6	83592967
1965	6	84148429
1966	6	84714981
1967	6	85272579
1968	6	85839981
1969	6	86416510
1970	6	87051730
1971	6	87660791
1972	6	88220066
1973	6	88776082
1974	6	89335263
1975	6	89899512
1976	6	90451333
1977	6	91007415
1978	6	91539450
1979	6	92068237
1980	6	92602949
1981	6	93135557
1982	6	93676474
1983	6	94206820
1984	6	94744572
1985	6	95273413
1986	6	95987343
1987	6	96531233
1988	6	97074331
1989	6	97611734
1990	6	98146363
1991	6	98694573
1992	6	99231738
1993	6	99773764
1994	6	100342450
1995	6	100894312
1996	6	101436561
1997	6	101984054
1998	6	102508196
1999	6	103056366
2000	6	103604385
2001	6	104155659
2002	6	104704459
2003	6	105261471
2004	6	105829752
2005	6	106372996
2006	6	106917750
2007	6	107502442
2008	6	108050258
2009	6	108624011
2010	6	109180933
2011	6	109741180
2012	6	110322507
2013	6	110875338
2014	6	111471388
2015	6	112027874
2016	6	112557424
2017	6	113107735
2018	6	113655174
2019	6	114200469
2020	6	114730112
2021	6	115287677
2022	6	115872753
2023	6	116424634
2024	6	116967612
2025	6	117537738
2026	6	118095911
2027	6	118640392
2028	6	119201511
2029	6	119746769
2030	6	120272077
2031	6	120820716
2032	6	121387936
2033	6	121970756
2034	6	122508466
2035	6	123050481
2036	6	123608038
2037	6	124141002
2038	6	124671779
2039	6	125220881
2040	6	125761504
2041	6	126301253
2042	6	126844857
2043	6	127402505
2044	6	127951583
2045	6	128484016
2046	6	129011972
2047	6	129570494
2048	6	130098137
2049	6	130643171
2050	6	131193929
2051	6	131754073
2052	6	132318749
2053	6	132849032
2054	6	133397297
2055	6	133935980
2056	6	134485647
2057	6	135043780
2058	6	135593801
2059	6	136139740
2060	6	136686498
2061	6	137233810
2062	6	137768843
2063	6	138312211
2064	6	138859879
2065	6	139423151
2066	6	139986721
2067	6	140523006
2068	6	141063238
2069	6	141599302
2070	6	142146585
2071	6	142700324
2072	6	143230149
2073	6	143775851
2074	6	144321400
2075	6	144876879
2076	6	145413187
2077	6	145955961
2078	6	146508176
2079	6	147047820
2080	6	147578539
2081	6	148112588
2082	6	148668328
2083	6	149226334
2084	6	149754905
2085	6	150358278
2086	6	150900653
2087	6	151472296
2088	6	152046170
2089	6	152595908
2090	6	153138139
2091	6	153682614
2092	6	154225463
2093	6	154780491
2094	6	155343071
2095	6	155885239
2096	6	156421391
2097	6	156966138
2098	6	157500433
2099	6	158142351
2100	6	158703645
2101	6	159276100
2102	6	159826834
2103	6	160386588
2104	6	160940324
2105	6	161546217
2106	6	162092317
2107	6	162628245
2108	6	163163043
2109	6	163698879
2110	6	164226084
2111	6	164754284
2112	6	165307478
2113	6	165851567
2114	6	166379473
2115	6	166921026
2116	6	167466942
2117	6	168166017
2118	6	168693970
2119	6	169236117
2120	6	169786297
2121	6	170375492
2122	7	0
2123	7	637434
2124	7	1216012
2125	7	1765548
2126	7	2322102
2127	7	2909162
2128	7	3462786
2129	7	3993044
2130	7	4551941
2131	7	5188135
2132	7	5818160
2133	7	6536071
2134	7	7294891
2135	7	7846727
2136	7	8382710
2137	7	8912630
2138	7	9447319
2139	7	9996263
2140	7	10537333
2141	7	11106568
2142	7	11638923
2143	7	12158141
2144	7	12711056
2145	7	13263280
2146	7	13799572
2147	7	14346254
2148	7	14887380
2149	7	15409656
2150	7	15939044
2151	7	16489121
2152	7	17026265
2153	7	17567565
2154	7	18108619
2155	7	18630778
2156	7	19163407
2157	7	19711498
2158	7	20272989
2159	7	20815493
2160	7	21358813
2161	7	21898665
2162	7	22432894
2163	7	23012938
2164	7	23593212
2165	7	24178217
2166	7	24721282
2167	7	25275485
2168	7	25806601
2169	7	26362916
2170	7	26894545
2171	7	27456619
2172	7	27999729
2173	7	28529837
2174	7	29050097
2175	7	29585911
2176	7	30182264
2177	7	30747063
2178	7	31268857
2179	7	31812933
2180	7	32354591
2181	7	33052103
2182	7	33607307
2183	7	34131246
2184	7	34696642
2185	7	35395174
2186	7	35945098
2187	7	36534224
2188	7	37067978
2189	7	37617186
2190	7	38157379
2191	7	38713613
2192	7	39243095
2193	7	39781163
2194	7	40410860
2195	7	40936344
2196	7	41470090
2197	7	41991307
2198	7	42514925
2199	7	43062078
2200	7	43608860
2201	7	44231315
2202	7	44786938
2203	7	45353137
2204	7	45981771
2205	7	46521130
2206	7	47051915
2207	7	47581775
2208	7	48140750
2209	7	48672841
2210	7	49244566
2211	7	49784304
2212	7	50315123
2213	7	50883902
2214	7	51428193
2215	7	52026898
2216	7	52566720
2217	7	53091748
2218	7	53639671
2219	7	54172657
2220	7	54742103
2221	7	55278499
2222	7	55930148
2223	7	56632738
2224	7	57564136
2225	7	62036923
2226	7	62670801
2227	7	63788431
2228	7	64387314
2229	7	65386910
2230	7	66046235
2231	7	66845456
2232	7	67419052
2233	7	67992716
2234	7	68565956
2235	7	69138918
2236	7	69661946
2237	7	70196094
2238	7	70761299
2239	7	71326721
2240	7	71894712
2241	7	72987328
2242	7	73601038
2243	7	75148118
2244	7	75789753
2245	7	76894326
2246	7	77461468
2247	7	78006324
2248	7	78545032
2249	7	79078736
2250	7	79619457
2251	7	80148278
2252	7	80699506
2253	7	81239339
2254	7	81764775
2255	7	82312528
2256	7	82839125
2257	7	83385989
2258	7	83933349
2259	7	84469167
2260	7	85005499
2261	7	85532190
2262	7	86083206
2263	7	86622010
2264	7	87185571
2265	7	87751800
2266	7	88289357
2267	7	88816487
2268	7	89374438
2269	7	89956367
2270	7	90519983
2271	7	91063655
2272	7	91656256
2273	7	92223551
2274	7	92772389
2275	7	93321014
2276	7	93855395
2277	7	94386348
2278	7	94949161
2279	7	95487344
2280	7	96026515
2281	7	96576752
2282	7	97147964
2283	7	97821963
2284	7	98407864
2285	7	98985533
2286	7	99589220
2287	7	100250939
2288	7	100922472
2289	7	101559800
2290	7	102456602
2291	7	103124184
2292	7	103670327
2293	7	104241159
2294	7	104806941
2295	7	105395421
2296	7	105941640
2297	7	106507134
2298	7	107066445
2299	7	107617897
2300	7	108163661
2301	7	108712197
2302	7	109253460
2303	7	109820486
2304	7	110373314
2305	7	110905470
2306	7	111462186
2307	7	111993749
2308	7	112547952
2309	7	113102372
2310	7	113668694
2311	7	114207356
2312	7	114736687
2313	7	115268372
2314	7	115801749
2315	7	116339812
2316	7	116888079
2317	7	117418465
2318	7	117959153
2319	7	118486942
2320	7	119019680
2321	7	119569209
2322	7	120104269
2323	7	120631530
2324	7	121170578
2325	7	121704614
2326	7	122246031
2327	7	122793455
2328	7	123339045
2329	7	123893339
2330	7	124429896
2331	7	124984850
2332	7	125511568
2333	7	126054225
2334	7	126610321
2335	7	127151624
2336	7	127681176
2337	7	128340300
2338	7	128898871
2339	7	129467207
2340	7	130049033
2341	7	130711451
2342	7	131265619
2343	7	131813060
2344	7	132325478
2345	7	132867555
2346	7	133404584
2347	7	133945116
2348	7	134485255
2349	7	135029964
2350	7	135583692
2351	7	136131027
2352	7	136682696
2353	7	137226571
2354	7	137760265
2355	7	138350913
2356	7	138927277
2357	7	139516005
2358	7	140077516
2359	7	140681778
2360	7	141231078
2361	7	141797849
2362	7	142457951
2363	7	143013641
2364	7	143871294
2365	7	144605061
2366	7	145156714
2367	7	145698219
2368	7	146248860
2369	7	146798749
2370	7	147334848
2371	7	147882751
2372	7	148448945
2373	7	149045759
2374	7	149624823
2375	7	150448198
2376	7	150981727
2377	7	151523038
2378	7	152128840
2379	7	152791401
2380	7	153348524
2381	7	154095666
2382	7	154731276
2383	7	155269983
2384	7	155796933
2385	7	156325552
2386	7	156887802
2387	7	157455720
2388	7	158006147
2389	7	158565264
2390	8	0
2391	8	763181
2392	8	1323035
2393	8	1904271
2394	8	2475197
2395	8	3002615
2396	8	3553714
2397	8	4076539
2398	8	4593426
2399	8	5119840
2400	8	5645055
2401	8	6195495
2402	8	6741652
2403	8	8363897
2404	8	8911842
2405	8	9466986
2406	8	10016589
2407	8	10543344
2408	8	11069780
2409	8	11601467
2410	8	12731571
2411	8	13273793
2412	8	13806169
2413	8	14344559
2414	8	14877702
2415	8	15408654
2416	8	15948736
2417	8	16477136
2418	8	17028771
2419	8	17563842
2420	8	18104140
2421	8	18637813
2422	8	19169916
2423	8	19696656
2424	8	20246262
2425	8	20773475
2426	8	21300891
2427	8	21873107
2428	8	22430557
2429	8	22962117
2430	8	23528181
2431	8	24052957
2432	8	24594273
2433	8	25141073
2434	8	25701689
2435	8	26234300
2436	8	26770989
2437	8	27313106
2438	8	27851473
2439	8	28396434
2440	8	28947081
2441	8	29502376
2442	8	30044143
2443	8	30616737
2444	8	31167650
2445	8	31720080
2446	8	32253908
2447	8	32780769
2448	8	33335245
2449	8	33909099
2450	8	34462312
2451	8	34990853
2452	8	35527223
2453	8	36073790
2454	8	36629883
2455	8	37151980
2456	8	37691104
2457	8	38283255
2458	8	38840131
2459	8	39397376
2460	8	39961034
2461	8	40512655
2462	8	41059032
2463	8	41614585
2464	8	42165677
2465	8	42760787
2466	8	43387413
2467	8	47015962
2468	8	47551103
2469	8	48177772
2470	8	48805011
2471	8	49393554
2472	8	49942767
2473	8	50483838
2474	8	51021231
2475	8	51565222
2476	8	52120551
2477	8	52672045
2478	8	53212787
2479	8	53751228
2480	8	54317516
2481	8	54896084
2482	8	55465248
2483	8	56015529
2484	8	56558854
2485	8	57134907
2486	8	57699484
2487	8	58261243
2488	8	58797955
2489	8	59335237
2490	8	59878705
2491	8	60421097
2492	8	60964851
2493	8	61527331
2494	8	62060000
2495	8	62609237
2496	8	63150061
2497	8	63685119
2498	8	64250653
2499	8	64793466
2500	8	65335065
2501	8	65875481
2502	8	66426301
2503	8	66990231
2504	8	67536091
2505	8	68112991
2506	8	68677741
2507	8	69209607
2508	8	69755173
2509	8	70314622
2510	8	70879904
2511	8	71433358
2512	8	72016739
2513	8	72548902
2514	8	73098456
2515	8	73648397
2516	8	74204840
2517	8	74750441
2518	8	75324216
2519	8	75871919
2520	8	76426372
2521	8	76964214
2522	8	77505763
2523	8	78041647
2524	8	78570599
2525	8	79110764
2526	8	79642628
2527	8	80187380
2528	8	80727230
2529	8	81300677
2530	8	81854406
2531	8	82401516
2532	8	82951591
2533	8	83493937
2534	8	84019676
2535	8	84574187
2536	8	85121950
2537	8	85670399
2538	8	86238876
2539	8	87055483
2540	8	87597941
2541	8	88147476
2542	8	88721535
2543	8	89260134
2544	8	89812539
2545	8	90364145
2546	8	90941505
2547	8	91494045
2548	8	92029284
2549	8	92579300
2550	8	93137231
2551	8	93689006
2552	8	94211499
2553	8	94760225
2554	8	95325148
2555	8	95898597
2556	8	96444974
2557	8	96996473
2558	8	97539550
2559	8	98079468
2560	8	98648922
2561	8	99220324
2562	8	99791789
2563	8	100359896
2564	8	100921151
2565	8	101492146
2566	8	102056508
2567	8	102595489
2568	8	103141458
2569	8	103703234
2570	8	104248719
2571	8	104811503
2572	8	105354434
2573	8	105889691
2574	8	106422534
2575	8	106957238
2576	8	107498182
2577	8	108040888
2578	8	108571632
2579	8	109135371
2580	8	109682861
2581	8	110217672
2582	8	110754275
2583	8	111304617
2584	8	111830515
2585	8	112365500
2586	8	112899520
2587	8	113437514
2588	8	113967186
2589	8	114487173
2590	8	115033989
2591	8	115585704
2592	8	116126930
2593	8	116656249
2594	8	117184146
2595	8	117728473
2596	8	118261679
2597	8	118798188
2598	8	119331760
2599	8	119875430
2600	8	120431396
2601	8	121006569
2602	8	121561104
2603	8	122108489
2604	8	122656449
2605	8	123200661
2606	8	123745295
2607	8	124292986
2608	8	124844995
2609	8	125385576
2610	8	125942410
2611	8	126491751
2612	8	127030121
2613	8	127586827
2614	8	128133733
2615	8	128675272
2616	8	129216375
2617	8	129763378
2618	8	130308789
2619	8	130853602
2620	8	131391346
2621	8	131922088
2622	8	132474814
2623	8	133026291
2624	8	133552378
2625	8	134076672
2626	8	134600748
2627	8	135141964
2628	8	135669211
2629	8	136202898
2630	8	136731547
2631	8	137281505
2632	8	137811428
2633	8	138352336
2634	8	138891855
2635	8	139447710
2636	8	139977526
2637	8	140507095
2638	8	141025659
2639	8	141584195
2640	8	142131420
2641	8	142660021
2642	8	143266542
2643	8	143786312
2644	8	144353589
2645	8	144903062
2646	8	145702043
2647	9	0
2648	9	721256
2649	9	1285929
2650	9	1839933
2651	9	2375265
2652	9	2920657
2653	9	3458579
2654	9	3998512
2655	9	4545916
2656	9	5115932
2657	9	5696021
2658	9	6268864
2659	9	6879322
2660	9	7413620
2661	9	7955573
2662	9	8497057
2663	9	9024809
2664	9	9554309
2665	9	10088365
2666	9	10624342
2667	9	11174859
2668	9	11717347
2669	9	12260076
2670	9	12793593
2671	9	13331858
2672	9	13869051
2673	9	14392958
2674	9	14934646
2675	9	15514973
2676	9	16107038
2677	9	16635876
2678	9	17190210
2679	9	17755776
2680	9	18292759
2681	9	18836023
2682	9	19426093
2683	9	19987935
2684	9	20526827
2685	9	21070069
2686	9	21644369
2687	9	22203109
2688	9	22768953
2689	9	23307369
2690	9	23831983
2691	9	24398997
2692	9	24951593
2693	9	25501682
2694	9	26039433
2695	9	26583440
2696	9	27143068
2697	9	27697575
2698	9	28234483
2699	9	28780741
2700	9	29318946
2701	9	29857558
2702	9	30391944
2703	9	30938316
2704	9	31499796
2705	9	32053708
2706	9	32625800
2707	9	33200623
2708	9	33880152
2709	9	34479012
2710	9	35059167
2711	9	35626033
2712	9	36174225
2713	9	36771541
2714	9	37311873
2715	9	37866150
2716	9	38405704
2717	9	43476057
2718	9	68476950
2719	9	71390505
2720	9	71948518
2721	9	72511865
2722	9	73065606
2723	9	73633302
2724	9	74169030
2725	9	74736970
2726	9	75302766
2727	9	75841088
2728	9	76364102
2729	9	76912533
2730	9	77440853
2731	9	78016110
2732	9	78561443
2733	9	79115092
2734	9	79669065
2735	9	80228750
2736	9	80792073
2737	9	81344984
2738	9	81883914
2739	9	82423016
2740	9	82958729
2741	9	83518079
2742	9	84071642
2743	9	84673190
2744	9	85220200
2745	9	85767855
2746	9	86315283
2747	9	86935297
2748	9	87478187
2749	9	88016534
2750	9	88635654
2751	9	89234700
2752	9	89766289
2753	9	90311692
2754	9	90942739
2755	9	91511093
2756	9	92050975
2757	9	92826163
2758	9	93386501
2759	9	93938853
2760	9	94490421
2761	9	95067225
2762	9	95649120
2763	9	96220404
2764	9	96760181
2765	9	97458482
2766	9	98000092
2767	9	98549929
2768	9	99090898
2769	9	99740585
2770	9	100394952
2771	9	100948236
2772	9	101490750
2773	9	102020626
2774	9	102553032
2775	9	103113781
2776	9	103698440
2777	9	104241026
2778	9	104778338
2779	9	105336148
2780	9	105877257
2781	9	106430035
2782	9	106971939
2783	9	107531849
2784	9	108093855
2785	9	108678574
2786	9	109225731
2787	9	109775787
2788	9	110332919
2789	9	110877730
2790	9	111413243
2791	9	111957242
2792	9	112496143
2793	9	113051887
2794	9	113614547
2795	9	114171130
2796	9	114742937
2797	9	115308084
2798	9	115900823
2799	9	116455055
2800	9	116977397
2801	9	117524912
2802	9	118055205
2803	9	118601342
2804	9	119130460
2805	9	119674764
2806	9	120197754
2807	9	120720008
2808	9	121242458
2809	9	121780752
2810	9	122318326
2811	9	122857548
2812	9	123401468
2813	9	123958264
2814	9	124510533
2815	9	125048818
2816	9	125635322
2817	9	126178650
2818	9	126719387
2819	9	127270597
2820	9	127843231
2821	9	128428034
2822	9	128971246
2823	9	129499627
2824	9	130048740
2825	9	130617539
2826	9	131209975
2827	9	131832770
2828	9	132397602
2829	9	132981875
2830	9	133700740
2831	9	134278392
2832	9	134831247
2833	9	135380927
2834	9	135929956
2835	9	136526003
2836	9	137128615
2837	9	137658700
2838	9	138187700
2839	9	138736716
2840	9	139345842
2841	9	139904214
2842	9	140478863
2843	10	0
2844	10	661170
2845	10	1221074
2846	10	1773488
2847	10	2301200
2848	10	2827402
2849	10	3364917
2850	10	3891391
2851	10	4416169
2852	10	4940536
2853	10	5549151
2854	10	6100833
2855	10	6664853
2856	10	7232639
2857	10	7775386
2858	10	8315592
2859	10	8847330
2860	10	9373893
2861	10	9912036
2862	10	10451718
2863	10	10992057
2864	10	11513965
2865	10	12083581
2866	10	12683612
2867	10	13252020
2868	10	13818610
2869	10	14357101
2870	10	14904508
2871	10	15501295
2872	10	16052092
2873	10	16608375
2874	10	17151642
2875	10	17712660
2876	10	18687081
2877	10	19247546
2878	10	19800162
2879	10	20343270
2880	10	20912416
2881	10	21456237
2882	10	22033001
2883	10	22606593
2884	10	23152274
2885	10	23704833
2886	10	24268947
2887	10	24818017
2888	10	25374901
2889	10	25935893
2890	10	26499270
2891	10	27068174
2892	10	27673379
2893	10	28228851
2894	10	28785714
2895	10	29340111
2896	10	29905027
2897	10	30456089
2898	10	31050362
2899	10	31603419
2900	10	32159135
2901	10	32741013
2902	10	33353981
2903	10	33889292
2904	10	34441146
2905	10	34968647
2906	10	35549627
2907	10	36099478
2908	10	36651916
2909	10	37235643
2910	10	37875631
2911	10	38494139
2912	10	42778884
2913	10	43445745
2914	10	44003179
2915	10	44555336
2916	10	45131079
2917	10	45680052
2918	10	47008316
2919	10	48516979
2920	10	49734975
2921	10	50254618
2922	10	50783826
2923	10	52093891
2924	10	52713061
2925	10	53244584
2926	10	53779371
2927	10	54329691
2928	10	54870096
2929	10	55420728
2930	10	55969886
2931	10	56514701
2932	10	57045726
2933	10	57595517
2934	10	58133815
2935	10	58684724
2936	10	59217187
2937	10	59768236
2938	10	60323355
2939	10	60867697
2940	10	61417210
2941	10	61969214
2942	10	62498603
2943	10	63029191
2944	10	63558278
2945	10	64091316
2946	10	64633133
2947	10	65200332
2948	10	65760842
2949	10	66303923
2950	10	66847737
2951	10	67397071
2952	10	67931783
2953	10	68478699
2954	10	69014754
2955	10	69625003
2956	10	70202606
2957	10	70815211
2958	10	71375176
2959	10	71904134
2960	10	72467961
2961	10	72994037
2962	10	73509600
2963	10	74086939
2964	10	74669013
2965	10	75257905
2966	10	75879099
2967	10	76442671
2968	10	77011669
2969	10	77552487
2970	10	78083233
2971	10	78638337
2972	10	79154049
2973	10	79693923
2974	10	80239665
2975	10	80759731
2976	10	81302395
2977	10	82121593
2978	10	82692094
2979	10	83230018
2980	10	83781113
2981	10	84309874
2982	10	84841023
2983	10	85382584
2984	10	85936104
2985	10	86497258
2986	10	87051297
2987	10	87595793
2988	10	88123028
2989	10	88692109
2990	10	89574980
2991	10	90105130
2992	10	90640037
2993	10	91179775
2994	10	91723400
2995	10	92287305
2996	10	92830201
2997	10	93399883
2998	10	93967546
2999	10	94567539
3000	10	95122534
3001	10	95671875
3002	10	96223073
3003	10	96874131
3004	10	97433163
3005	10	97995980
3006	10	98537145
3007	10	99096464
3008	10	99670842
3009	10	100205016
3010	10	100781796
3011	10	101353719
3012	10	101943262
3013	10	102517473
3014	10	103058568
3015	10	103612584
3016	10	104199684
3017	10	104790477
3018	10	105376044
3019	10	105903084
3020	10	106438356
3021	10	106965052
3022	10	107518912
3023	10	108060386
3024	10	108596847
3025	10	109138443
3026	10	109660920
3027	10	110203782
3028	10	110743803
3029	10	111314178
3030	10	111891312
3031	10	112432562
3032	10	112964643
3033	10	113503524
3034	10	114053441
3035	10	114590504
3036	10	115120971
3037	10	115653708
3038	10	116187652
3039	10	116732740
3040	10	117296974
3041	10	117830881
3042	10	118366662
3043	10	118916500
3044	10	119445449
3045	10	119969688
3046	10	120501560
3047	10	121080797
3048	10	121639103
3049	10	122188461
3050	10	122739212
3051	10	123270790
3052	10	123831235
3053	10	124389763
3054	10	124929000
3055	10	125452831
3056	10	126024565
3057	10	126581954
3058	10	127125731
3059	10	127692634
3060	10	128219254
3061	10	128921180
3062	10	129445617
3063	10	129981559
3064	10	130504821
3065	10	131019794
3066	10	131539295
3067	10	132071351
3068	10	132609109
3069	10	133134324
3070	10	133769177
3071	10	134314867
3072	10	134858997
3073	11	0
3074	11	771005
3075	11	1374616
3076	11	1937225
3077	11	2463669
3078	11	2988462
3079	11	3757490
3080	11	4458228
3081	11	4999487
3082	11	5560992
3083	11	6119437
3084	11	6668695
3085	11	7229352
3086	11	7768336
3087	11	8332161
3088	11	8884748
3089	11	9477485
3090	11	10062627
3091	11	10624903
3092	11	11161075
3093	11	11680422
3094	11	12217583
3095	11	12751070
3096	11	13278890
3097	11	13855640
3098	11	14409511
3099	11	15005474
3100	11	15533836
3101	11	16043452
3102	11	16584305
3103	11	17157637
3104	11	17704568
3105	11	18248693
3106	11	18834142
3107	11	19403558
3108	11	19933041
3109	11	20466948
3110	11	21018568
3111	11	21548113
3112	11	22099378
3113	11	22636087
3114	11	23186041
3115	11	23743188
3116	11	24284176
3117	11	24824000
3118	11	25382583
3119	11	25947956
3120	11	26493451
3121	11	27032370
3122	11	27583843
3123	11	28126110
3124	11	28685053
3125	11	29220211
3126	11	29762934
3127	11	30319362
3128	11	30838838
3129	11	31376571
3130	11	31924157
3131	11	32460753
3132	11	33053708
3133	11	33612339
3134	11	34165591
3135	11	34700531
3136	11	35249892
3137	11	35789744
3138	11	36326912
3139	11	36876479
3140	11	37413200
3141	11	37948349
3142	11	38484646
3143	11	39030581
3144	11	39593456
3145	11	40168163
3146	11	40707624
3147	11	41247003
3148	11	41790979
3149	11	42327205
3150	11	42882458
3151	11	43460448
3152	11	44006894
3153	11	44538809
3154	11	45071562
3155	11	45597005
3156	11	46137430
3157	11	46712150
3158	11	47299577
3159	11	47899925
3160	11	48566021
3161	11	49438406
3162	11	50279814
3163	11	51339672
3164	11	55257033
3165	11	55851242
3166	11	56405091
3167	11	56966757
3168	11	57523455
3169	11	58108804
3170	11	58671411
3171	11	59257388
3172	11	59827971
3173	11	60406396
3174	11	60956463
3175	11	61557205
3176	11	62158044
3177	11	62759213
3178	11	63417339
3179	11	63994504
3180	11	64540003
3181	11	65120578
3182	11	65693807
3183	11	66269225
3184	11	66866773
3185	11	67445663
3186	11	68193481
3187	11	68762581
3188	11	69338889
3189	11	69949776
3190	11	70503065
3191	11	71044602
3192	11	71796182
3193	11	72352762
3194	11	72910944
3195	11	73465011
3196	11	74044284
3197	11	74615472
3198	11	75174181
3199	11	75723552
3200	11	76262862
3201	11	76819936
3202	11	77378068
3203	11	77987403
3204	11	78534336
3205	11	79056468
3206	11	79586309
3207	11	80110216
3208	11	80657765
3209	11	81181992
3210	11	81714650
3211	11	82265502
3212	11	82811666
3213	11	83380895
3214	11	83919800
3215	11	84449177
3216	11	84981534
3217	11	85559401
3218	11	86118826
3219	11	86689242
3220	11	87256668
3221	11	87873616
3222	11	88413017
3223	11	89147123
3224	11	90100459
3225	11	90645264
3226	11	91197153
3227	11	91729139
3228	11	92274590
3229	11	92809772
3230	11	93376737
3231	11	93943446
3232	11	94520027
3233	11	95056532
3234	11	95594550
3235	11	96129194
3236	11	96843507
3237	11	97382523
3238	11	97920137
3239	11	98474494
3240	11	99024194
3241	11	99555050
3242	11	100091414
3243	11	100662903
3244	11	101213890
3245	11	101782387
3246	11	102350820
3247	11	102901690
3248	11	103446354
3249	11	103995458
3250	11	104521137
3251	11	105062038
3252	11	105587176
3253	11	106118330
3254	11	106651127
3255	11	107199368
3256	11	107771716
3257	11	108371284
3258	11	108908690
3259	11	109482340
3260	11	110013516
3261	11	110587887
3262	11	111115192
3263	11	111648093
3264	11	112220567
3265	11	112748497
3266	11	113271278
3267	11	113826355
3268	11	114355721
3269	11	114908653
3270	11	115421427
3271	11	115957361
3272	11	116481583
3273	11	117044588
3274	11	117593670
3275	11	118126672
3276	11	118711012
3277	11	119284815
3278	11	119809927
3279	11	120336000
3280	11	120866720
3281	11	121407861
3282	11	121956377
3283	11	122503271
3284	11	123074662
3285	11	123616294
3286	11	124162848
3287	11	124706331
3288	11	125239151
3289	11	125813771
3290	11	126363853
3291	11	126876858
3292	11	127402949
3293	11	127945220
3294	11	128477119
3295	11	128996728
3296	11	129559675
3297	11	130143523
3298	11	130685307
3299	11	131227647
3300	11	131748793
3301	11	132275190
3302	11	132797096
3303	11	133313627
3304	11	133850486
3305	11	134397989
3306	12	0
3307	12	723220
3308	12	1304440
3309	12	1859867
3310	12	2391859
3311	12	2921840
3312	12	3475154
3313	12	4023617
3314	12	4575495
3315	12	5111023
3316	12	5638841
3317	12	6187979
3318	12	6772287
3319	12	7386043
3320	12	8022285
3321	12	8798635
3322	12	9385290
3323	12	10086493
3324	12	10685665
3325	12	11224141
3326	12	11840723
3327	12	12393571
3328	12	12969211
3329	12	13515700
3330	12	14043635
3331	12	14615956
3332	12	15166981
3333	12	15696820
3334	12	16235177
3335	12	16764527
3336	12	17308225
3337	12	17847999
3338	12	18428229
3339	12	18966375
3340	12	19507974
3341	12	20077328
3342	12	20612135
3343	12	21174769
3344	12	21741093
3345	12	22304634
3346	12	22866581
3347	12	23405943
3348	12	23946485
3349	12	24466417
3350	12	24999993
3351	12	25559508
3352	12	26122296
3353	12	26654993
3354	12	27204499
3355	12	27781234
3356	12	28326801
3357	12	28872391
3358	12	29417022
3359	12	29974235
3360	12	30534458
3361	12	31089170
3362	12	31753706
3363	12	32363014
3364	12	32947370
3365	12	33539931
3366	12	34110738
3367	12	34741371
3368	12	38434229
3369	12	39057723
3370	12	39624721
3371	12	40196266
3372	12	40736654
3373	12	41269906
3374	12	41812866
3375	12	42361494
3376	12	42949370
3377	12	43493856
3378	12	44043434
3379	12	44604269
3380	12	45148818
3381	12	45706567
3382	12	46247837
3383	12	46810064
3384	12	47378004
3385	12	47955672
3386	12	48491697
3387	12	49092305
3388	12	49693903
3389	12	50269880
3390	12	50860865
3391	12	51460834
3392	12	52055031
3393	12	52609298
3394	12	53140791
3395	12	53724957
3396	12	54308749
3397	12	54885423
3398	12	55453667
3399	12	56082214
3400	12	56677633
3401	12	57300166
3402	12	57877259
3403	12	58461831
3404	12	59014259
3405	12	59563623
3406	12	60112435
3407	12	60659546
3408	12	61202510
3409	12	61774914
3410	12	62324151
3411	12	62873141
3412	12	63413450
3413	12	64062728
3414	12	64662393
3415	12	65257229
3416	12	65802821
3417	12	66335658
3418	12	66892053
3419	12	67428308
3420	12	67972494
3421	12	68524479
3422	12	69072783
3423	12	69645226
3424	12	70206185
3425	12	70763190
3426	12	71316062
3427	12	71854435
3428	12	72392032
3429	12	72926204
3430	12	73480752
3431	12	74048979
3432	12	74600000
3433	12	75146881
3434	12	75680556
3435	12	76228296
3436	12	76786373
3437	12	77332888
3438	12	77884723
3439	12	78422586
3440	12	78961818
3441	12	79490246
3442	12	80038785
3443	12	80601544
3444	12	81156096
3445	12	81699715
3446	12	82229416
3447	12	82781313
3448	12	83331365
3449	12	83879999
3450	12	84462645
3451	12	84996097
3452	12	85519540
3453	12	86052070
3454	12	86594142
3455	12	87142649
3456	12	87703227
3457	12	88267434
3458	12	88816888
3459	12	89369789
3460	12	89910128
3461	12	90436099
3462	12	90970668
3463	12	91503613
3464	12	92033199
3465	12	92566092
3466	12	93112505
3467	12	93672218
3468	12	94235630
3469	12	94781931
3470	12	95344508
3471	12	95924054
3472	12	96503947
3473	12	97077920
3474	12	97612655
3475	12	98170704
3476	12	98713337
3477	12	99275122
3478	12	99814405
3479	12	100367300
3480	12	100938232
3481	12	101488289
3482	12	102066618
3483	12	102620581
3484	12	103169348
3485	12	103714182
3486	12	104264468
3487	12	104844283
3488	12	105385546
3489	12	105945962
3490	12	106483262
3491	12	107047868
3492	12	107590781
3493	12	108133423
3494	12	108664686
3495	12	109208026
3496	12	109822886
3497	12	110368457
3498	12	110975543
3499	12	111552184
3500	12	112134441
3501	12	112745153
3502	12	113313292
3503	12	113872244
3504	12	114403939
3505	12	114932338
3506	12	115485968
3507	12	116014938
3508	12	116542096
3509	12	117097351
3510	12	117655490
3511	12	118204883
3512	12	118793596
3513	12	119352406
3514	12	119893194
3515	12	120466815
3516	12	121072848
3517	12	121658397
3518	12	122269807
3519	12	122928297
3520	12	123537468
3521	12	124149132
3522	12	124706997
3523	12	125235397
3524	12	125800207
3525	12	126342617
3526	12	126889752
3527	12	127422216
3528	12	127960239
3529	12	128505203
3530	12	129043051
3531	12	129609638
3532	12	130158604
3533	12	130695351
3534	12	131229915
3535	12	131808346
3536	12	132406159
3537	12	133071237
3538	13	0
3539	13	19931342
3540	13	20633132
3541	13	21180381
3542	13	21751339
3543	13	22336708
3544	13	22866665
3545	13	23428987
3546	13	24008823
3547	13	24561757
3548	13	25164823
3549	13	25763406
3550	13	26307916
3551	13	26854364
3552	13	27391974
3553	13	27939145
3554	13	28472668
3555	13	29024912
3556	13	29580654
3557	13	30123231
3558	13	30673830
3559	13	31229441
3560	13	31760218
3561	13	32327546
3562	13	32857940
3563	13	33410068
3564	13	33933777
3565	13	34472135
3566	13	35004682
3567	13	35544435
3568	13	36098204
3569	13	36628036
3570	13	37167093
3571	13	37703804
3572	13	38243761
3573	13	38790367
3574	13	39322393
3575	13	39858706
3576	13	40392264
3577	13	40921131
3578	13	41524002
3579	13	42103483
3580	13	42655880
3581	13	43205180
3582	13	43751888
3583	13	44272989
3584	13	44814670
3585	13	45359211
3586	13	45924030
3587	13	46489436
3588	13	47059907
3589	13	47589989
3590	13	48132962
3591	13	48722886
3592	13	49285062
3593	13	49836310
3594	13	50395765
3595	13	50961627
3596	13	51498701
3597	13	52036062
3598	13	52596458
3599	13	53375752
3600	13	53903715
3601	13	54427422
3602	13	54966869
3603	13	55503822
3604	13	56036700
3605	13	56572116
3606	13	57101041
3607	13	57640673
3608	13	58208345
3609	13	58731188
3610	13	59271249
3611	13	59800926
3612	13	60338446
3613	13	60874828
3614	13	61428964
3615	13	61971048
3616	13	62499735
3617	13	63025351
3618	13	63550222
3619	13	64086025
3620	13	64685265
3621	13	65214952
3622	13	65745435
3623	13	66285033
3624	13	66815497
3625	13	67347366
3626	13	67866604
3627	13	68406360
3628	13	68941470
3629	13	69465104
3630	13	69988573
3631	13	70531432
3632	13	71061488
3633	13	71579433
3634	13	72106900
3635	13	72624029
3636	13	73153975
3637	13	73714891
3638	13	74258450
3639	13	74775992
3640	13	75318803
3641	13	75869889
3642	13	76409950
3643	13	76944518
3644	13	77482880
3645	13	78020481
3646	13	78564024
3647	13	79097048
3648	13	79631119
3649	13	80176496
3650	13	80734030
3651	13	81294636
3652	13	81831940
3653	13	82371482
3654	13	82912540
3655	13	83438513
3656	13	83965128
3657	13	84495655
3658	13	85022595
3659	13	85551561
3660	13	86085158
3661	13	86617911
3662	13	87307249
3663	13	87837960
3664	13	88375904
3665	13	88898846
3666	13	89428088
3667	13	89958598
3668	13	90481355
3669	13	91008469
3670	13	91550884
3671	13	92069649
3672	13	92613565
3673	13	93156421
3674	13	93713764
3675	13	94248398
3676	13	94771683
3677	13	95307879
3678	13	95848799
3679	13	96422573
3680	13	96968162
3681	13	97501689
3682	13	98036518
3683	13	98597166
3684	13	99151325
3685	13	99693433
3686	13	100247317
3687	13	100816048
3688	13	101370966
3689	13	101911757
3690	13	102445623
3691	13	102967335
3692	13	103501556
3693	13	104019310
3694	13	104551718
3695	13	105083240
3696	13	105605483
3697	13	106133826
3698	13	106658390
3699	13	107184146
3700	13	107719492
3701	13	108241613
3702	13	108773996
3703	13	109308555
3704	13	109843229
3705	13	110380448
3706	13	110916955
3707	13	111458808
3708	13	112004307
3709	13	112679085
3710	13	113244212
3711	13	113787781
3712	13	114450205
3713	14	0
3714	14	20629255
3715	14	21205674
3716	14	21802366
3717	14	22378379
3718	14	22915764
3719	14	23506345
3720	14	24064644
3721	14	24685225
3722	14	25259295
3723	14	25804870
3724	14	26359338
3725	14	26895600
3726	14	27432997
3727	14	27973924
3728	14	28554901
3729	14	29112573
3730	14	29652598
3731	14	30187991
3732	14	30735275
3733	14	31288745
3734	14	31869176
3735	14	32452397
3736	14	33012808
3737	14	33547590
3738	14	34069778
3739	14	34603333
3740	14	35236792
3741	14	35841212
3742	14	36410293
3743	14	36968607
3744	14	37501117
3745	14	38065153
3746	14	38620313
3747	14	39172324
3748	14	39758449
3749	14	40341182
3750	14	40902080
3751	14	41440872
3752	14	41983632
3753	14	42526117
3754	14	43072843
3755	14	43619518
3756	14	44186005
3757	14	44724030
3758	14	45297706
3759	14	45863342
3760	14	46438895
3761	14	47005441
3762	14	47538038
3763	14	48075895
3764	14	48620836
3765	14	49202589
3766	14	49750756
3767	14	50329021
3768	14	50904964
3769	14	51457909
3770	14	52002652
3771	14	52544589
3772	14	53122157
3773	14	53693288
3774	14	54241457
3775	14	54791567
3776	14	55332099
3777	14	55907198
3778	14	56451027
3779	14	57008725
3780	14	57553696
3781	14	58127393
3782	14	58695232
3783	14	59253238
3784	14	59787027
3785	14	60344014
3786	14	60910465
3787	14	61484568
3788	14	62027984
3789	14	62570300
3790	14	63125959
3791	14	63672680
3792	14	64250644
3793	14	64814608
3794	14	65376033
3795	14	65941656
3796	14	66490659
3797	14	67047627
3798	14	67614792
3799	14	68178551
3800	14	68728302
3801	14	69257073
3802	14	69800682
3803	14	70354629
3804	14	70905971
3805	14	71478817
3806	14	72036527
3807	14	72597211
3808	14	73131033
3809	14	73704794
3810	14	74320508
3811	14	74909616
3812	14	75463459
3813	14	76021981
3814	14	76560324
3815	14	77097774
3816	14	77665860
3817	14	78233594
3818	14	78778675
3819	14	79299868
3820	14	79835861
3821	14	80368925
3822	14	80919330
3823	14	81462822
3824	14	82019273
3825	14	82561463
3826	14	83089182
3827	14	83612656
3828	14	84143618
3829	14	84667650
3830	14	85195038
3831	14	85721608
3832	14	86251504
3833	14	86823982
3834	14	87368232
3835	14	87911132
3836	14	88440455
3837	14	88993373
3838	14	89540387
3839	14	90092767
3840	14	90642575
3841	14	91199183
3842	14	91763979
3843	14	92333642
3844	14	92895451
3845	14	93453655
3846	14	94013165
3847	14	94542330
3848	14	95076644
3849	14	95612297
3850	14	96145787
3851	14	96676420
3852	14	97216765
3853	14	97743077
3854	14	98266595
3855	14	98787107
3856	14	99304251
3857	14	99834492
3858	14	100361979
3859	14	100916900
3860	14	101439838
3861	14	101973192
3862	14	102529995
3863	14	103133029
3864	14	103697257
3865	14	104282995
3866	14	104830939
3867	14	105375195
3868	14	105947956
3869	14	106688235
3870	15	0
3871	15	22537156
3872	15	23761618
3873	15	24322125
3874	15	25089364
3875	15	25638090
3876	15	26168447
3877	15	26709108
3878	15	27242923
3879	15	27771434
3880	15	28301469
3881	15	29417528
3882	15	29975545
3883	15	31150017
3884	15	31694253
3885	15	32307216
3886	15	33286022
3887	15	33824476
3888	15	34379642
3889	15	35052453
3890	15	35612849
3891	15	36146962
3892	15	36683907
3893	15	37210942
3894	15	37778991
3895	15	38315005
3896	15	38851323
3897	15	39408550
3898	15	39940841
3899	15	40482992
3900	15	41054582
3901	15	41657785
3902	15	42237562
3903	15	42792032
3904	15	43379721
3905	15	44091449
3906	15	44685443
3907	15	45383452
3908	15	45953964
3909	15	46501585
3910	15	47052324
3911	15	47614748
3912	15	48127457
3913	15	48651646
3914	15	49173692
3915	15	49733954
3916	15	50296424
3917	15	50867230
3918	15	51453635
3919	15	52007880
3920	15	52576284
3921	15	53131615
3922	15	53673439
3923	15	54217417
3924	15	54756333
3925	15	55316977
3926	15	55914557
3927	15	56494852
3928	15	57058052
3929	15	57595640
3930	15	58125148
3931	15	58668395
3932	15	59214758
3933	15	59777806
3934	15	60336959
3935	15	60878516
3936	15	61402082
3937	15	61929491
3938	15	62472231
3939	15	63020004
3940	15	63557773
3941	15	64104791
3942	15	64683220
3943	15	65278283
3944	15	65861049
3945	15	66411207
3946	15	66976312
3947	15	67517567
3948	15	68070197
3949	15	68614897
3950	15	69146467
3951	15	69689864
3952	15	70224772
3953	15	70743877
3954	15	71303631
3955	15	71855951
3956	15	72411053
3957	15	73023054
3958	15	73564926
3959	15	74113333
3960	15	74694597
3961	15	75278540
3962	15	75937838
3963	15	76528356
3964	15	77099676
3965	15	77667842
3966	15	78205164
3967	15	78790125
3968	15	79388889
3969	15	79921479
3970	15	80491096
3971	15	81018874
3972	15	81556900
3973	15	82122262
3974	15	83322640
3975	15	83901413
3976	15	84458497
3977	15	85302701
3978	15	85947442
3979	15	86502272
3980	15	87044156
3981	15	87595279
3982	15	88155067
3983	15	88684849
3984	15	89231615
3985	15	89796869
3986	15	90348944
3987	15	90945119
3988	15	91517936
3989	15	92074304
3990	15	92601972
3991	15	93139917
3992	15	93709830
3993	15	94269944
3994	15	94818046
3995	15	95342238
3996	15	95870624
3997	15	96392306
3998	15	96913123
3999	15	97445799
4000	15	97999135
4001	15	98522427
4002	15	99069443
4003	15	99615469
4004	15	100159774
4005	15	100742482
4006	15	101307963
4007	15	101845556
4008	16	0
4009	16	674762
4010	16	1214131
4011	16	1790705
4012	16	2388492
4013	16	3059439
4014	16	3639839
4015	16	4212936
4016	16	4791941
4017	16	5422040
4018	16	5956439
4019	16	6487697
4020	16	7018774
4021	16	7543824
4022	16	8075862
4023	16	8617610
4024	16	9249928
4025	16	9802642
4026	16	10333818
4027	16	10926268
4028	16	11468931
4029	16	12065944
4030	16	12626832
4031	16	13181733
4032	16	13730026
4033	16	14273716
4034	16	15135036
4035	16	15984431
4036	16	17051889
4037	16	17594672
4038	16	18146667
4039	16	19310200
4040	16	19875644
4041	16	20415496
4042	16	21081569
4043	16	22025314
4044	16	22760707
4045	16	23301567
4046	16	23880003
4047	16	24420458
4048	16	24987862
4049	16	25556244
4050	16	26097994
4051	16	26638105
4052	16	27183511
4053	16	27734947
4054	16	28283124
4055	16	29379087
4056	16	30357927
4057	16	30967707
4058	16	31572183
4059	16	32610389
4060	16	34331544
4061	16	34911648
4062	16	46672396
4063	16	47253508
4064	16	47820505
4065	16	48376126
4066	16	48940222
4067	16	49473961
4068	16	49998228
4069	16	50551028
4070	16	51069847
4071	16	51610072
4072	16	52132080
4073	16	52658816
4074	16	53206475
4075	16	53772982
4076	16	54306488
4077	16	54834494
4078	16	55357325
4079	16	55926407
4080	16	56456704
4081	16	57008791
4082	16	57566472
4083	16	58113765
4084	16	58680015
4085	16	59262083
4086	16	59816669
4087	16	60373957
4088	16	60920255
4089	16	61447634
4090	16	61980819
4091	16	62509043
4092	16	63043336
4093	16	63582722
4094	16	64110722
4095	16	64635549
4096	16	65155694
4097	16	65695004
4098	16	66222327
4099	16	66775361
4100	16	67342190
4101	16	67928687
4102	16	68497548
4103	16	69098561
4104	16	69690759
4105	16	70491596
4106	16	71344787
4107	16	71916927
4108	16	72478278
4109	16	73030574
4110	16	73561493
4111	16	74100548
4112	16	74767753
4113	16	75346174
4114	16	75940434
4115	16	76479019
4116	16	77006190
4117	16	77540734
4118	16	78081175
4119	16	78610924
4120	16	79135191
4121	16	79656310
4122	16	80181181
4123	16	80708248
4124	16	81267571
4125	16	81813995
4126	16	82362173
4127	16	82879114
4128	16	83400834
4129	16	83939012
4130	16	84486628
4131	16	85042210
4132	16	85584896
4133	16	86120015
4134	16	86652200
4135	16	87178681
4136	16	87734290
4137	16	88467559
4138	16	89003457
4139	16	89569422
4140	17	0
4141	17	709718
4142	17	1343658
4143	17	1946155
4144	17	2537309
4145	17	3191856
4146	17	3812312
4147	17	4393668
4148	17	4991172
4149	17	5592822
4150	17	6146342
4151	17	6699697
4152	17	7298645
4153	17	7881249
4154	17	8455266
4155	17	9010847
4156	17	9596754
4157	17	10161389
4158	17	10716644
4159	17	11261958
4160	17	11814095
4161	17	12374512
4162	17	12921565
4163	17	13460780
4164	17	14013192
4165	17	14581808
4166	17	15118019
4167	17	15884529
4168	17	16482855
4169	17	17198830
4170	17	17751945
4171	17	18480957
4172	17	19447533
4173	17	20031773
4174	17	20931898
4175	17	21545480
4176	17	25411457
4177	17	25998220
4178	17	26570957
4179	17	27144877
4180	17	27720159
4181	17	28305916
4182	17	28878796
4183	17	29601935
4184	17	30181770
4185	17	30852581
4186	17	31422434
4187	17	31941612
4188	17	32477286
4189	17	33011479
4190	17	33561154
4191	17	34147779
4192	17	35042000
4193	17	35577584
4194	17	36154731
4195	17	36922600
4196	17	37521945
4197	17	38099743
4198	17	38682211
4199	17	39224542
4200	17	39808093
4201	17	40399799
4202	17	41002387
4203	17	41620135
4204	17	42201652
4205	17	42798199
4206	17	43384030
4207	17	44065525
4208	17	45057337
4209	17	45763517
4210	17	46325951
4211	17	46867966
4212	17	47472152
4213	17	48029572
4214	17	48579681
4215	17	49126525
4216	17	49709955
4217	17	50229049
4218	17	50775916
4219	17	51304552
4220	17	51842677
4221	17	52400496
4222	17	52957238
4223	17	53493000
4224	17	54044995
4225	17	54596954
4226	17	55141439
4227	17	55677602
4228	17	56225983
4229	17	56786760
4230	17	57399454
4231	17	58010665
4232	17	58694627
4233	17	59278084
4234	17	59828627
4235	17	60476073
4236	17	61113332
4237	17	61655584
4238	17	62239912
4239	17	62999666
4240	17	63548564
4241	17	64094748
4242	17	64659401
4243	17	65200768
4244	17	65802209
4245	17	66446519
4246	17	67002500
4247	17	67549450
4248	17	68094564
4249	17	68632466
4250	17	69166277
4251	17	69703020
4252	17	70237508
4253	17	70780711
4254	17	71350389
4255	17	71885654
4256	17	72430499
4257	17	72986917
4258	17	73598356
4259	17	74179103
4260	17	74771049
4261	17	75352287
4262	17	75897029
4263	17	76467169
4264	17	77029938
4265	17	77707648
4266	17	78261840
4267	17	78819793
4268	17	79361047
4269	17	79974791
4270	17	80550636
4271	18	0
4272	18	650467
4273	18	1222864
4274	18	1772589
4275	18	2310558
4276	18	2867074
4277	18	3420396
4278	18	3979202
4279	18	4510611
4280	18	5068176
4281	18	5602661
4282	18	6129788
4283	18	6670028
4284	18	7227552
4285	18	7781410
4286	18	8317611
4287	18	8859384
4288	18	9432428
4289	18	9984338
4290	18	10511506
4291	18	11095798
4292	18	11661742
4293	18	12293360
4294	18	12872426
4295	18	13430736
4296	18	13982905
4297	18	15062711
4298	18	18980745
4299	18	19565829
4300	18	20109375
4301	18	20684688
4302	18	21254348
4303	18	21793221
4304	18	22348980
4305	18	22870950
4306	18	23407453
4307	18	23961850
4308	18	24496727
4309	18	25042817
4310	18	25578256
4311	18	26121551
4312	18	26650899
4313	18	27178613
4314	18	27708766
4315	18	28230688
4316	18	28758391
4317	18	29294449
4318	18	29880165
4319	18	30416454
4320	18	30951823
4321	18	31486634
4322	18	32020538
4323	18	32564703
4324	18	33109509
4325	18	33676624
4326	18	34214300
4327	18	34768085
4328	18	35286436
4329	18	35826718
4330	18	36340225
4331	18	36865912
4332	18	37396931
4333	18	37933526
4334	18	38456787
4335	18	38973381
4336	18	39499144
4337	18	40027343
4338	18	40566760
4339	18	41105559
4340	18	41647792
4341	18	42197009
4342	18	42720004
4343	18	43245624
4344	18	43828106
4345	18	44353062
4346	18	44914083
4347	18	45448135
4348	18	45973006
4349	18	46503932
4350	18	47072240
4351	18	47620242
4352	18	48169984
4353	18	48725674
4354	18	49265684
4355	18	49800906
4356	18	50325017
4357	18	50860058
4358	18	51408208
4359	18	51959077
4360	18	52647259
4361	18	53165793
4362	18	53705979
4363	18	54246555
4364	18	54779054
4365	18	55323286
4366	18	55886293
4367	18	56422912
4368	18	56982812
4369	18	57538281
4370	18	58087878
4371	18	58624884
4372	18	59154044
4373	18	59697167
4374	18	60235752
4375	18	60793532
4376	18	61341280
4377	18	61876584
4378	18	62427523
4379	18	62952146
4380	18	63480280
4381	18	64001335
4382	18	64524943
4383	18	65051899
4384	18	65580628
4385	18	66113711
4386	18	66650392
4387	18	67179728
4388	18	67710841
4389	18	68268568
4390	18	68833335
4391	18	69362657
4392	18	69889161
4393	18	70413915
4394	18	70949283
4395	18	71484082
4396	18	72019476
4397	18	72597014
4398	18	73112375
4399	18	73632847
4400	18	74154899
4401	18	74712172
4402	18	75265537
4403	18	75840687
4404	18	76368785
4405	18	76914771
4406	18	77461192
4407	19	0
4408	19	868243
4409	19	1444934
4410	19	2038293
4411	19	2635330
4412	19	3248068
4413	19	3840707
4414	19	4459496
4415	19	5079270
4416	19	5667017
4417	19	6254242
4418	19	6873691
4419	19	7610214
4420	19	8207214
4421	19	8960456
4422	19	9558960
4423	19	10180670
4424	19	10806481
4425	19	11425863
4426	19	12064343
4427	19	12714146
4428	19	13312765
4429	19	13910728
4430	19	14563778
4431	19	15172215
4432	19	15765605
4433	19	16358295
4434	19	16960251
4435	19	17570541
4436	19	18199222
4437	19	18793092
4438	19	19383484
4439	19	19985730
4440	19	20731193
4441	19	21371443
4442	19	21998234
4443	19	22669525
4444	19	23318255
4445	19	23949725
4446	19	24565133
4447	19	28328977
4448	19	28883630
4449	19	29434457
4450	19	29985541
4451	19	30548490
4452	19	31082633
4453	19	31601382
4454	19	32123259
4455	19	32649755
4456	19	33226027
4457	19	33834980
4458	19	34375219
4459	19	34955954
4460	19	35540782
4461	19	36113357
4462	19	36715975
4463	19	37377212
4464	19	38020380
4465	19	38619678
4466	19	39213257
4467	19	39844095
4468	19	40465223
4469	19	41063663
4470	19	41727013
4471	19	42301930
4472	19	42865239
4473	19	43679952
4474	19	44351516
4475	19	44931873
4476	19	45537365
4477	19	46142632
4478	19	46734533
4479	19	47342563
4480	19	47960773
4481	19	48625721
4482	19	49235205
4483	19	49879540
4484	19	50481705
4485	19	51138708
4486	19	51704216
4487	19	52269591
4488	19	52843943
4489	19	53501796
4490	19	54149703
4491	19	54795474
4492	19	55564430
4493	19	56150311
4494	19	56761434
4495	19	57318181
4496	19	57894523
4497	19	58504280
4498	20	0
4499	20	633840
4500	20	1177516
4501	20	1736034
4502	20	2272279
4503	20	2830212
4504	20	3411345
4505	20	3990524
4506	20	4552602
4507	20	5123609
4508	20	5714054
4509	20	6269124
4510	20	6798426
4511	20	7336758
4512	20	7865224
4513	20	8397539
4514	20	8934536
4515	20	9466309
4516	20	9997449
4517	20	10531236
4518	20	11051750
4519	20	11578322
4520	20	12114174
4521	20	12673815
4522	20	13209209
4523	20	13770950
4524	20	14328927
4525	20	14866506
4526	20	15399168
4527	20	15924788
4528	20	16448094
4529	20	16997064
4530	20	17535397
4531	20	18083525
4532	20	18662176
4533	20	19223971
4534	20	19750265
4535	20	20293269
4536	20	20824850
4537	20	21363772
4538	20	21923247
4539	20	22472926
4540	20	23013727
4541	20	23555067
4542	20	24160460
4543	20	24694434
4544	20	25254182
4545	20	26063026
4546	20	30090175
4547	20	30668908
4548	20	31233768
4549	20	31804678
4550	20	32395609
4551	20	32988192
4552	20	33568105
4553	20	34151670
4554	20	34750682
4555	20	35374950
4556	20	35980194
4557	20	36515610
4558	20	37058264
4559	20	37610974
4560	20	38145723
4561	20	38682259
4562	20	39211985
4563	20	39746650
4564	20	40295140
4565	20	40834189
4566	20	41372754
4567	20	41899779
4568	20	42487504
4569	20	43039535
4570	20	43595588
4571	20	44140288
4572	20	44723013
4573	20	45247457
4574	20	45781039
4575	20	46370015
4576	20	46942663
4577	20	47492889
4578	20	48073613
4579	20	48645274
4580	20	49207086
4581	20	49779105
4582	20	50318515
4583	20	50916132
4584	20	51447051
4585	20	51970534
4586	20	52581041
4587	20	53118335
4588	20	53671330
4589	20	54219212
4590	20	54773660
4591	20	55352134
4592	20	55886895
4593	20	56411906
4594	20	56935732
4595	20	57461974
4596	20	57993954
4597	20	58525732
4598	20	59050944
4599	20	59578015
4600	20	60104203
4601	20	60635593
4602	20	61270860
4603	20	61799804
4604	20	62347625
4605	21	0
4606	21	14672107
4607	21	15768032
4608	21	16322372
4609	21	16848262
4610	21	17394560
4611	21	17934999
4612	21	18489414
4613	21	19092434
4614	21	19638628
4615	21	20183057
4616	21	20720420
4617	21	21253194
4618	21	21790069
4619	21	22318740
4620	21	22845897
4621	21	23376252
4622	21	23912064
4623	21	24455056
4624	21	24981399
4625	21	25515964
4626	21	26049038
4627	21	26582551
4628	21	27119698
4629	21	27673476
4630	21	28209305
4631	21	28740148
4632	21	29332901
4633	21	29911003
4634	21	30472504
4635	21	31012898
4636	21	31537812
4637	21	32070268
4638	21	32613196
4639	21	33180953
4640	21	33736054
4641	21	34306239
4642	21	34863861
4643	21	35430846
4644	21	35964924
4645	21	36489459
4646	21	37021769
4647	21	37582342
4648	21	38159770
4649	21	38727913
4650	21	39259147
4651	21	39785577
4652	21	40314629
4653	21	40862753
4654	21	41412125
4655	21	41951941
4656	21	42492116
4657	21	43083016
4658	21	43619196
4659	21	44150887
4660	21	44805386
4661	21	45360647
4662	21	45912285
4663	21	46460213
4664	21	46990443
4665	21	47537224
4666	22	0
4667	22	17678038
4668	22	18285232
4669	22	19097911
4670	22	19656296
4671	22	20196688
4672	22	21190599
4673	22	22187346
4674	22	22810336
4675	22	23390043
4676	22	23996732
4677	22	24630223
4678	22	25281796
4679	22	25945955
4680	22	26489046
4681	22	27024065
4682	22	27546951
4683	22	28065355
4684	22	28654244
4685	22	29258470
4686	22	29828696
4687	22	30405355
4688	22	30953214
4689	22	31534297
4690	22	32134917
4691	22	32726543
4692	22	33309795
4693	22	33868563
4694	22	34411680
4695	22	34944405
4696	22	35509265
4697	22	36066239
4698	22	36629804
4699	22	37192519
4700	22	37721166
4701	22	38289938
4702	22	38891020
4703	22	39490687
4704	22	40053039
4705	22	40596866
4706	22	41174392
4707	22	41776001
4708	22	42373877
4709	22	42984455
4710	22	43575342
4711	22	44107087
4712	22	44655795
4713	22	45200570
4714	22	45756753
4715	22	46304864
4716	22	46844475
4717	22	47391771
4718	22	47920692
4719	22	48448525
4720	22	48969248
4721	22	49497595
4722	22	50021575
4723	22	50623270
4724	X	0
4725	X	862832
4726	X	1768811
4727	X	2461522
4728	X	3070207
4729	X	3668255
4730	X	4331460
4731	X	4879810
4732	X	5419798
4733	X	5955710
4734	X	6507515
4735	X	7068692
4736	X	7615074
4737	X	8217293
4738	X	8790727
4739	X	9330354
4740	X	9882370
4741	X	10421182
4742	X	11027644
4743	X	11568785
4744	X	12113068
4745	X	12652102
4746	X	13223174
4747	X	13771711
4748	X	14331126
4749	X	14884426
4750	X	15438053
4751	X	15987360
4752	X	16556900
4753	X	17134840
4754	X	17681239
4755	X	18223307
4756	X	18794153
4757	X	19363759
4758	X	19921788
4759	X	20478236
4760	X	21037015
4761	X	21598712
4762	X	22145684
4763	X	22689580
4764	X	23233839
4765	X	23821400
4766	X	24431920
4767	X	24981465
4768	X	25548292
4769	X	26093698
4770	X	26659739
4771	X	27204214
4772	X	27756010
4773	X	28302276
4774	X	28856571
4775	X	29401482
4776	X	29931284
4777	X	30489821
4778	X	31050431
4779	X	31603130
4780	X	32128972
4781	X	32655876
4782	X	33198668
4783	X	33736139
4784	X	34275942
4785	X	34816753
4786	X	35363726
4787	X	35906908
4788	X	36456599
4789	X	37008466
4790	X	37664968
4791	X	38198168
4792	X	38734864
4793	X	39271059
4794	X	39801240
4795	X	40355838
4796	X	40933964
4797	X	41534105
4798	X	42089361
4799	X	42647283
4800	X	43202667
4801	X	43749367
4802	X	44299846
4803	X	44922225
4804	X	45463142
4805	X	46030590
4806	X	46621456
4807	X	47205771
4808	X	47792671
4809	X	48563484
4810	X	49163767
4811	X	49921815
4812	X	50515247
4813	X	51099519
4814	X	51751201
4815	X	53151167
4816	X	53723965
4817	X	54362103
4818	X	55003088
4819	X	55666372
4820	X	56304595
4821	X	56995524
4822	X	57624787
4823	X	58231639
4824	X	62017944
4825	X	62749579
4826	X	63351207
4827	X	63978581
4828	X	64614655
4829	X	65222576
4830	X	65820646
4831	X	66426861
4832	X	67012124
4833	X	67612254
4834	X	68183153
4835	X	68733160
4836	X	69314259
4837	X	69908876
4838	X	70538246
4839	X	71278180
4840	X	71840883
4841	X	72726489
4842	X	73357329
4843	X	73947665
4844	X	74581104
4845	X	75237730
4846	X	75909509
4847	X	76568637
4848	X	77227817
4849	X	77842766
4850	X	78406595
4851	X	78969233
4852	X	79562205
4853	X	80162233
4854	X	80753798
4855	X	81331945
4856	X	81883901
4857	X	82449405
4858	X	83031102
4859	X	83583491
4860	X	84148359
4861	X	84727465
4862	X	85308081
4863	X	85881777
4864	X	86435989
4865	X	86996625
4866	X	87553607
4867	X	88114371
4868	X	89082836
4869	X	90385771
4870	X	91493288
4871	X	92611995
4872	X	93154795
4873	X	93699056
4874	X	94259120
4875	X	94805310
4876	X	95364095
4877	X	95951968
4878	X	96498246
4879	X	97064935
4880	X	97615825
4881	X	98182563
4882	X	98721225
4883	X	99276335
4884	X	99851436
4885	X	100438493
4886	X	101044008
4887	X	101923191
4888	X	102515342
4889	X	103073021
4890	X	103702506
4891	X	104296893
4892	X	104842834
4893	X	105400564
4894	X	105985194
4895	X	106547112
4896	X	107102127
4897	X	107656860
4898	X	108220913
4899	X	108820244
4900	X	109391265
4901	X	109958904
4902	X	110500022
4903	X	111059109
4904	X	111622721
4905	X	112201583
4906	X	112774083
4907	X	113335016
4908	X	113943739
4909	X	114506651
4910	X	115119566
4911	X	115751355
4912	X	116321959
4913	X	116911755
4914	X	117498586
4915	X	118073759
4916	X	118656767
4917	X	119357697
4918	X	119920355
4919	X	120609988
4920	X	121159868
4921	X	121733778
4922	X	122287433
4923	X	122835193
4924	X	123437039
4925	X	123978972
4926	X	124514304
4927	X	125077247
4928	X	125648148
4929	X	126205406
4930	X	126784962
4931	X	127329300
4932	X	127888708
4933	X	128458565
4934	X	129033199
4935	X	129607884
4936	X	130160525
4937	X	130741027
4938	X	131322698
4939	X	131867217
4940	X	132436636
4941	X	132985978
4942	X	133562251
4943	X	134128823
4944	X	134775783
4945	X	135460371
4946	X	136015350
4947	X	136575711
4948	X	137144100
4949	X	137715063
4950	X	138268378
4951	X	138827068
4952	X	139422246
4953	X	139972701
4954	X	140823475
4955	X	141384482
4956	X	141954679
4957	X	142500928
4958	X	143052174
4959	X	143758294
4960	X	144292631
4961	X	144835951
4962	X	145379719
4963	X	145942478
4964	X	146510663
4965	X	147046292
4966	X	147620455
4967	X	148144472
4968	X	148787741
4969	X	149518454
4970	X	150053485
4971	X	150623525
4972	X	151167839
4973	X	151743528
4974	X	152620758
4975	X	153165267
4976	X	153935280
4977	X	154520455
4978	Y	0
4979	Y	3863744
4980	Y	5651274
4981	Y	6953626
4982	Y	7637201
4983	Y	8207095
4984	Y	8747212
4985	Y	9917857
4986	Y	13970921
4987	Y	14625961
4988	Y	15210545
4989	Y	15801674
4990	Y	16499603
4991	Y	17088206
4992	Y	17676761
4993	Y	18400546
4994	Y	19091402
4995	Y	21081743
4996	Y	21673Y0
4997	Y	2Y727Y
4998	Y	23115111
4999	Y	23816187
